##接收机参考位置（LLH）117.6 38.5 1000
##接收机参考位置（ECEF）-2315948.2867 4430000.4865 3949651.909
##initialTime     5685
##endTime         6236
##obsTimeLength   552
##数据格式：satx saty satz satvx satvy satvz rangeObs dopplerObs
##rangeObs = range + receiverClcError
##dopplerObs = doppler + receiverClcDriftError
##信号频率为:1520000000赫兹
##观测卫星个数：1
##end of head
> 5685 1
H41 -0939000.8342 06767846.7016 03219379.9088 00000432.4764 -0002971.6008 00006556.5883 02809777.3749 00020101.4156
> 5686 1
H41 -0938568.1493 06764784.6750 03225935.0071 00000432.8933 -0002977.9848 00006553.6073 02805744.4292 00020057.8606
> 5687 1
H41 -0938135.0482 06761716.3637 03232487.1213 00000433.3088 -0002984.3660 00006550.6201 02801720.1664 00020014.1024
> 5688 1
H41 -0937701.5322 06758641.7702 03239036.2454 00000433.7230 -0002990.7445 00006547.6270 02797704.6272 00019970.1404
> 5689 1
H41 -0937267.6026 06755560.8975 03245582.3732 00000434.1359 -0002997.1203 00006544.6277 02793697.8521 00019925.9740
> 5690 1
H41 -0936833.2608 06752473.7483 03252125.4988 00000434.5475 -0003003.4933 00006541.6224 02789699.8821 00019881.6023
> 5691 1
H41 -0936398.5081 06749380.3254 03258665.6161 00000434.9577 -0003009.8636 00006538.6111 02785710.7581 00019837.0248
> 5692 1
H41 -0935963.3458 06746280.6316 03265202.7190 00000435.3667 -0003016.2311 00006535.5937 02781730.5212 00019792.2408
> 5693 1
H41 -0935527.7752 06743174.6696 03271736.8014 00000435.7743 -0003022.5958 00006532.5703 02777759.2128 00019747.2494
> 5694 1
H41 -0935091.7976 06740062.4423 03278267.8575 00000436.1807 -0003028.9578 00006529.5408 02773796.8741 00019702.0502
> 5695 1
H41 -0934655.4143 06736943.9524 03284795.8810 00000436.5857 -0003035.3170 00006526.5053 02769843.5467 00019656.6423
> 5696 1
H41 -0934218.6267 06733819.2028 03291320.8660 00000436.9894 -0003041.6734 00006523.4637 02765899.2723 00019611.0251
> 5697 1
H41 -0933781.4360 06730688.1962 03297842.8064 00000437.3917 -0003048.0270 00006520.4161 02761964.0927 00019565.1979
> 5698 1
H41 -0933343.8436 06727550.9356 03304361.6962 00000437.7928 -0003054.3778 00006517.3625 02758038.0497 00019519.1600
> 5699 1
H41 -0932905.8509 06724407.4237 03310877.5293 00000438.1926 -0003060.7258 00006514.3028 02754121.1856 00019472.9108
> 5700 1
H41 -0932467.4590 06721257.6634 03317390.2998 00000438.5910 -0003067.0710 00006511.2371 02750213.5424 00019426.4496
> 5701 1
H41 -0932028.6693 06718101.6574 03323900.0016 00000438.9881 -0003073.4133 00006508.1654 02746315.1625 00019379.7757
> 5702 1
H41 -0931589.4832 06714939.4088 03330406.6287 00000439.3839 -0003079.7529 00006505.0877 02742426.0885 00019332.8884
> 5703 1
H41 -0931149.9019 06711770.9202 03336910.1750 00000439.7784 -0003086.0896 00006502.0040 02738546.3628 00019285.7871
> 5704 1
H41 -0930709.9268 06708596.1945 03343410.6346 00000440.1716 -0003092.4235 00006498.9142 02734676.0282 00019238.4711
> 5705 1
H41 -0930269.5592 06705415.2347 03349908.0015 00000440.5635 -0003098.7546 00006495.8185 02730815.1277 00019190.9398
> 5706 1
H41 -0929828.8003 06702228.0435 03356402.2696 00000440.9540 -0003105.0828 00006492.7167 02726963.7041 00019143.1924
> 5707 1
H41 -0929387.6516 06699034.6240 03362893.4329 00000441.3432 -0003111.4081 00006489.6089 02723121.8006 00019095.2284
> 5708 1
H41 -0928946.1143 06695834.9788 03369381.4854 00000441.7312 -0003117.7306 00006486.4951 02719289.4606 00019047.0471
> 5709 1
H41 -0928504.1897 06692629.1110 03375866.4211 00000442.1178 -0003124.0502 00006483.3753 02715466.7273 00018998.6478
> 5710 1
H41 -0928061.8791 06689417.0234 03382348.2341 00000442.5031 -0003130.3670 00006480.2496 02711653.6443 00018950.0299
> 5711 1
H41 -0927619.1840 06686198.7189 03388826.9183 00000442.8871 -0003136.6809 00006477.1178 02707850.2553 00018901.1927
> 5712 1
H41 -0927176.1054 06682974.2004 03395302.4677 00000443.2697 -0003142.9918 00006473.9800 02704056.6040 00018852.1356
> 5713 1
H41 -0926732.6449 06679743.4709 03401774.8763 00000443.6511 -0003149.3000 00006470.8363 02700272.7343 00018802.8580
> 5714 1
H41 -0926288.8037 06676506.5332 03408244.1382 00000444.0311 -0003155.6052 00006467.6865 02696498.6903 00018753.3592
> 5715 1
H41 -0925844.5831 06673263.3902 03414710.2474 00000444.4099 -0003161.9075 00006464.5308 02692734.5161 00018703.6386
> 5716 1
H41 -0925399.9844 06670014.0450 03421173.1978 00000444.7873 -0003168.2069 00006461.3691 02688980.2560 00018653.6956
> 5717 1
H41 -0924955.0090 06666758.5004 03427632.9836 00000445.1634 -0003174.5033 00006458.2014 02685235.9543 00018603.5295
> 5718 1
H41 -0924509.6581 06663496.7593 03434089.5986 00000445.5382 -0003180.7969 00006455.0278 02681501.6557 00018553.1398
> 5719 1
H41 -0924063.9331 06660228.8248 03440543.0371 00000445.9116 -0003187.0875 00006451.8481 02677777.4048 00018502.5258
> 5720 1
H41 -0923617.8353 06656954.6997 03446993.2929 00000446.2838 -0003193.3752 00006448.6625 02674063.2463 00018451.6869
> 5721 1
H41 -0923171.3659 06653674.3870 03453440.3602 00000446.6547 -0003199.6600 00006445.4710 02670359.2252 00018400.6225
> 5722 1
H41 -0922724.5264 06650387.8898 03459884.2329 00000447.0242 -0003205.9418 00006442.2735 02666665.3864 00018349.3320
> 5723 1
H41 -0922277.3180 06647095.2108 03466324.9051 00000447.3924 -0003212.2207 00006439.0700 02662981.7751 00018297.8148
> 5724 1
H41 -0921829.7420 06643796.3532 03472762.3709 00000447.7593 -0003218.4966 00006435.8605 02659308.4366 00018246.0704
> 5725 1
H41 -0921381.7997 06640491.3199 03479196.6242 00000448.1249 -0003224.7696 00006432.6451 02655645.4161 00018194.0981
> 5726 1
H41 -0920933.4925 06637180.1139 03485627.6592 00000448.4892 -0003231.0395 00006429.4238 02651992.7593 00018141.8973
> 5727 1
H41 -0920484.8217 06633862.7382 03492055.4698 00000448.8522 -0003237.3066 00006426.1965 02648350.5116 00018089.4675
> 5728 1
H41 -0920035.7886 06630539.1958 03498480.0502 00000449.2139 -0003243.5706 00006422.9633 02644718.7188 00018036.8081
> 5729 1
H41 -0919586.3944 06627209.4896 03504901.3944 00000449.5742 -0003249.8316 00006419.7241 02641097.4268 00017983.9185
> 5730 1
H41 -0919136.6406 06623873.6228 03511319.4965 00000449.9333 -0003256.0897 00006416.4790 02637486.6814 00017930.7982
> 5731 1
H41 -0918686.5284 06620531.5982 03517734.3505 00000450.2910 -0003262.3447 00006413.2280 02633886.5288 00017877.4466
> 5732 1
H41 -0918236.0591 06617183.4190 03524145.9504 00000450.6474 -0003268.5968 00006409.9710 02630297.0151 00017823.8632
> 5733 1
H41 -0917785.2340 06613829.0882 03530554.2904 00000451.0025 -0003274.8458 00006406.7081 02626718.1865 00017770.0474
> 5734 1
H41 -0917334.0545 06610468.6087 03536959.3646 00000451.3563 -0003281.0918 00006403.4392 02623150.0894 00017715.9987
> 5735 1
H41 -0916882.5219 06607101.9837 03543361.1669 00000451.7088 -0003287.3348 00006400.1645 02619592.7704 00017661.7165
> 5736 1
H41 -0916430.6374 06603729.2161 03549759.6915 00000452.0599 -0003293.5747 00006396.8838 02616046.2760 00017607.2003
> 5737 1
H41 -0915978.4024 06600350.3091 03556154.9325 00000452.4098 -0003299.8117 00006393.5972 02612510.6529 00017552.4497
> 5738 1
H41 -0915525.8182 06596965.2657 03562546.8839 00000452.7583 -0003306.0456 00006390.3047 02608985.9479 00017497.4640
> 5739 1
H41 -0915072.8862 06593574.0889 03568935.5399 00000453.1056 -0003312.2764 00006387.0063 02605472.2080 00017442.2428
> 5740 1
H41 -0914619.6075 06590176.7819 03575320.8944 00000453.4515 -0003318.5042 00006383.7019 02601969.4800 00017386.7855
> 5741 1
H41 -0914165.9836 06586773.3476 03581702.9417 00000453.7961 -0003324.7289 00006380.3917 02598477.8112 00017331.0917
> 5742 1
H41 -0913712.0157 06583363.7892 03588081.6758 00000454.1394 -0003330.9506 00006377.0755 02594997.2487 00017275.1610
> 5743 1
H41 -0913257.7052 06579948.1097 03594457.0909 00000454.4814 -0003337.1691 00006373.7535 02591527.8398 00017218.9927
> 5744 1
H41 -0912803.0533 06576526.3123 03600829.1809 00000454.8221 -0003343.3846 00006370.4256 02588069.6319 00017162.5864
> 5745 1
H41 -0912348.0614 06573098.4001 03607197.9400 00000455.1615 -0003349.5971 00006367.0917 02584622.6724 00017105.9418
> 5746 1
H41 -0911892.7308 06569664.3761 03613563.3624 00000455.4995 -0003355.8064 00006363.7520 02581187.0091 00017049.0582
> 5747 1
H41 -0911437.0627 06566224.2434 03619925.4421 00000455.8363 -0003362.0126 00006360.4064 02577762.6895 00016991.9352
> 5748 1
H41 -0910981.0586 06562778.0052 03626284.1733 00000456.1717 -0003368.2158 00006357.0549 02574349.7614 00016934.5725
> 5749 1
H41 -0910524.7197 06559325.6646 03632639.5501 00000456.5059 -0003374.4158 00006353.6976 02570948.2726 00016876.9695
> 5750 1
H41 -0910068.0473 06555867.2248 03638991.5665 00000456.8387 -0003380.6127 00006350.3343 02567558.2711 00016819.1259
> 5751 1
H41 -0909611.0427 06552402.6888 03645340.2168 00000457.1702 -0003386.8065 00006346.9652 02564179.8048 00016761.0412
> 5752 1
H41 -0909153.7073 06548932.0597 03651685.4950 00000457.5004 -0003392.9972 00006343.5902 02560812.9220 00016702.7150
> 5753 1
H41 -0908696.0423 06545455.3408 03658027.3953 00000457.8293 -0003399.1847 00006340.2094 02557457.6708 00016644.1469
> 5754 1
H41 -0908238.0491 06541972.5352 03664365.9118 00000458.1569 -0003405.3691 00006336.8226 02554114.0993 00016585.3365
> 5755 1
H41 -0907779.7289 06538483.6461 03670701.0386 00000458.4832 -0003411.5504 00006333.4301 02550782.2561 00016526.2834
> 5756 1
H41 -0907321.0831 06534988.6765 03677032.7699 00000458.8082 -0003417.7285 00006330.0316 02547462.1894 00016466.9872
> 5757 1
H41 -0906862.1130 06531487.6297 03683361.0999 00000459.1318 -0003423.9035 00006326.6273 02544153.9478 00016407.4476
> 5758 1
H41 -0906402.8199 06527980.5088 03689686.0226 00000459.4542 -0003430.0752 00006323.2172 02540857.5799 00016347.6641
> 5759 1
H41 -0905943.2050 06524467.3171 03696007.5323 00000459.7752 -0003436.2439 00006319.8012 02537573.1343 00016287.6366
> 5760 1
H41 -0905483.2698 06520948.0576 03702325.6230 00000460.0950 -0003442.4093 00006316.3793 02534300.6596 00016227.3645
> 5761 1
H41 -0905023.0155 06517422.7337 03708640.2890 00000460.4134 -0003448.5716 00006312.9516 02531040.2047 00016166.8476
> 5762 1
H41 -0904562.4434 06513891.3484 03714951.5243 00000460.7305 -0003454.7307 00006309.5181 02527791.8184 00016106.0855
> 5763 1
H41 -0904101.5549 06510353.9050 03721259.3232 00000461.0464 -0003460.8866 00006306.0787 02524555.5496 00016045.0779
> 5764 1
H41 -0903640.3512 06506810.4067 03727563.6799 00000461.3609 -0003467.0393 00006302.6335 02521331.4473 00015983.8246
> 5765 1
H41 -0903178.8336 06503260.8568 03733864.5884 00000461.6741 -0003473.1888 00006299.1825 02518119.5605 00015922.3252
> 5766 1
H41 -0902717.0035 06499705.2583 03740162.0429 00000461.9860 -0003479.3351 00006295.7257 02514919.9382 00015860.5794
> 5767 1
H41 -0902254.8621 06496143.6146 03746456.0377 00000462.2966 -0003485.4781 00006292.2630 02511732.6297 00015798.5870
> 5768 1
H41 -0901792.4108 06492575.9289 03752746.5670 00000462.6058 -0003491.6180 00006288.7945 02508557.6841 00015736.3477
> 5769 1
H41 -0901329.6509 06489002.2044 03759033.6248 00000462.9138 -0003497.7546 00006285.3202 02505395.1506 00015673.8613
> 5770 1
H41 -0900866.5836 06485422.4444 03765317.2054 00000463.2205 -0003503.8880 00006281.8400 02502245.0786 00015611.1274
> 5771 1
H41 -0900403.2103 06481836.6521 03771597.3029 00000463.5259 -0003510.0181 00006278.3541 02499107.5174 00015548.1459
> 5772 1
H41 -0899939.5323 06478244.8307 03777873.9116 00000463.8299 -0003516.1450 00006274.8623 02495982.5163 00015484.9166
> 5773 1
H41 -0899475.5509 06474646.9836 03784147.0256 00000464.1327 -0003522.2687 00006271.3648 02492870.1249 00015421.4391
> 5774 1
H41 -0899011.2674 06471043.1140 03790416.6392 00000464.4341 -0003528.3891 00006267.8614 02489770.3925 00015357.7135
> 5775 1
H41 -0898546.6831 06467433.2251 03796682.7466 00000464.7343 -0003534.5062 00006264.3523 02486683.3687 00015293.7393
> 5776 1
H41 -0898081.7993 06463817.3202 03802945.3419 00000465.0331 -0003540.6201 00006260.8373 02483609.1031 00015229.5166
> 5777 1
H41 -0897616.6173 06460195.4027 03809204.4193 00000465.3306 -0003546.7307 00006257.3166 02480547.6451 00015165.0450
> 5778 1
H41 -0897151.1384 06456567.4758 03815459.9731 00000465.6269 -0003552.8380 00006253.7901 02477499.0445 00015100.3245
> 5779 1
H41 -0896685.3640 06452933.5427 03821711.9975 00000465.9218 -0003558.9420 00006250.2578 02474463.3508 00015035.3549
> 5780 1
H41 -0896219.2953 06449293.6069 03827960.4867 00000466.2154 -0003565.0427 00006246.7197 02471440.6138 00014970.1361
> 5781 1
H41 -0895752.9336 06445647.6716 03834205.4349 00000466.5077 -0003571.1402 00006243.1758 02468430.8831 00014904.6680
> 5782 1
H41 -0895286.2802 06441995.7400 03840446.8363 00000466.7988 -0003577.2343 00006239.6261 02465434.2084 00014838.9504
> 5783 1
H41 -0894819.3365 06438337.8156 03846684.6852 00000467.0885 -0003583.3251 00006236.0707 02462450.6396 00014772.9833
> 5784 1
H41 -0894352.1037 06434673.9017 03852918.9758 00000467.3769 -0003589.4126 00006232.5095 02459480.2262 00014706.7666
> 5785 1
H41 -0893884.5832 06431004.0015 03859149.7024 00000467.6640 -0003595.4968 00006228.9426 02456523.0181 00014640.3002
> 5786 1
H41 -0893416.7762 06427328.1184 03865376.8591 00000467.9498 -0003601.5777 00006225.3699 02453579.0651 00014573.5841
> 5787 1
H41 -0892948.6840 06423646.2558 03871600.4402 00000468.2343 -0003607.6552 00006221.7914 02450648.4169 00014506.6182
> 5788 1
H41 -0892480.3080 06419958.4170 03877820.4399 00000468.5175 -0003613.7294 00006218.2072 02447731.1234 00014439.4026
> 5789 1
H41 -0892011.6495 06416264.6054 03884036.8526 00000468.7994 -0003619.8002 00006214.6172 02444827.2344 00014371.9371
> 5790 1
H41 -0891542.7097 06412564.8242 03890249.6724 00000469.0800 -0003625.8677 00006211.0214 02441936.7995 00014304.2219
> 5791 1
H41 -0891073.4899 06408859.0769 03896458.8935 00000469.3593 -0003631.9318 00006207.4200 02439059.8688 00014236.2568
> 5792 1
H41 -0890603.9915 06405147.3668 03902664.5104 00000469.6373 -0003637.9926 00006203.8128 02436196.4918 00014168.0420
> 5793 1
H41 -0890134.2158 06401429.6973 03908866.5171 00000469.9140 -0003644.0500 00006200.1998 02433346.7185 00014099.5775
> 5794 1
H41 -0889664.1640 06397706.0718 03915064.9081 00000470.1894 -0003650.1040 00006196.5811 02430510.5985 00014030.8633
> 5795 1
H41 -0889193.8375 06393976.4937 03921259.6774 00000470.4634 -0003656.1547 00006192.9567 02427688.1818 00013961.8996
> 5796 1
H41 -0888723.2376 06390240.9664 03927450.8195 00000470.7362 -0003662.2019 00006189.3265 02424879.5179 00013892.6863
> 5797 1
H41 -0888252.3655 06386499.4931 03933638.3286 00000471.0077 -0003668.2458 00006185.6906 02422084.6566 00013823.2236
> 5798 1
H41 -0887781.2226 06382752.0775 03939822.1989 00000471.2779 -0003674.2863 00006182.0490 02419303.6477 00013753.5117
> 5799 1
H41 -0887309.8101 06378998.7228 03946002.4248 00000471.5468 -0003680.3233 00006178.4017 02416536.5408 00013683.5506
> 5800 1
H41 -0886838.1294 06375239.4325 03952179.0005 00000471.8144 -0003686.3570 00006174.7487 02413783.3856 00013613.3406
> 5801 1
H41 -0886366.1817 06371474.2100 03958351.9203 00000472.0807 -0003692.3872 00006171.0900 02411044.2317 00013542.8816
> 5802 1
H41 -0885893.9684 06367703.0586 03964521.1785 00000472.3457 -0003698.4140 00006167.4255 02408319.1286 00013472.1740
> 5803 1
H41 -0885421.4908 06363925.9820 03970686.7693 00000472.6094 -0003704.4374 00006163.7553 02405608.1261 00013401.2180
> 5804 1
H41 -0884948.7501 06360142.9834 03976848.6872 00000472.8718 -0003710.4574 00006160.0795 02402911.2735 00013330.0136
> 5805 1
H41 -0884475.7477 06356354.0663 03983006.9264 00000473.1329 -0003716.4739 00006156.3979 02400228.6203 00013258.5613
> 5806 1
H41 -0884002.4848 06352559.2343 03989161.4812 00000473.3927 -0003722.4870 00006152.7107 02397560.2159 00013186.8611
> 5807 1
H41 -0883528.9628 06348758.4906 03995312.3458 00000473.6512 -0003728.4966 00006149.0177 02394906.1099 00013114.9134
> 5808 1
H41 -0883055.1829 06344951.8388 04001459.5147 00000473.9084 -0003734.5027 00006145.3191 02392266.3513 00013042.7184
> 5809 1
H41 -0882581.1465 06341139.2824 04007602.9821 00000474.1643 -0003740.5055 00006141.6148 02389640.9896 00012970.2764
> 5810 1
H41 -0882106.8548 06337320.8247 04013742.7424 00000474.4189 -0003746.5047 00006137.9048 02387030.0740 00012897.5877
> 5811 1
H41 -0881632.3091 06333496.4694 04019878.7898 00000474.6722 -0003752.5004 00006134.1891 02384433.6535 00012824.6527
> 5812 1
H41 -0881157.5108 06329666.2198 04026011.1187 00000474.9242 -0003758.4927 00006130.4677 02381851.7773 00012751.4717
> 5813 1
H41 -0880682.4611 06325830.0795 04032139.7234 00000475.1750 -0003764.4815 00006126.7407 02379284.4943 00012678.0450
> 5814 1
H41 -0880207.1613 06321988.0519 04038264.5982 00000475.4244 -0003770.4668 00006123.0080 02376731.8536 00012604.3730
> 5815 1
H41 -0879731.6128 06318140.1406 04044385.7375 00000475.6725 -0003776.4486 00006119.2697 02374193.9040 00012530.4561
> 5816 1
H41 -0879255.8167 06314286.3490 04050503.1357 00000475.9193 -0003782.4269 00006115.5257 02371670.6942 00012456.2947
> 5817 1
H41 -0878779.7745 06310426.6807 04056616.7870 00000476.1649 -0003788.4017 00006111.7760 02369162.2730 00012381.8892
> 5818 1
H41 -0878303.4874 06306561.1391 04062726.6858 00000476.4091 -0003794.3730 00006108.0207 02366668.6890 00012307.2401
> 5819 1
H41 -0877826.9567 06302689.7278 04068832.8264 00000476.6521 -0003800.3408 00006104.2597 02364189.9907 00012232.3478
> 5820 1
H41 -0877350.1836 06298812.4504 04074935.2033 00000476.8938 -0003806.3050 00006100.4931 02361726.2266 00012157.2129
> 5821 1
H41 -0876873.1696 06294929.3102 04081033.8107 00000477.1341 -0003812.2657 00006096.7208 02359277.4449 00012081.8357
> 5822 1
H41 -0876395.9158 06291040.3110 04087128.6430 00000477.3732 -0003818.2229 00006092.9429 02356843.6940 00012006.2169
> 5823 1
H41 -0875918.4236 06287145.4562 04093219.6946 00000477.6110 -0003824.1765 00006089.1594 02354425.0219 00011930.3569
> 5824 1
H41 -0875440.6943 06283244.7493 04099306.9599 00000477.8475 -0003830.1266 00006085.3702 02352021.4767 00011854.2563
> 5825 1
H41 -0874962.7292 06279338.1940 04105390.4332 00000478.0826 -0003836.0731 00006081.5754 02349633.1063 00011777.9156
> 5826 1
H41 -0874484.5294 06275425.7938 04111470.1088 00000478.3166 -0003842.0161 00006077.7750 02347259.9585 00011701.3355
> 5827 1
H41 -0874006.0965 06271507.5522 04117545.9812 00000478.5492 -0003847.9555 00006073.9689 02344902.0810 00011624.5166
> 5828 1
H41 -0873527.4316 06267583.4728 04123618.0448 00000478.7805 -0003853.8913 00006070.1572 02342559.5213 00011547.4594
> 5829 1
H41 -0873048.5360 06263653.5592 04129686.2938 00000479.0105 -0003859.8235 00006066.3400 02340232.3269 00011470.1647
> 5830 1
H41 -0872569.4110 06259717.8149 04135750.7228 00000479.2392 -0003865.7522 00006062.5171 02337920.5450 00011392.6330
> 5831 1
H41 -0872090.0579 06255776.2437 04141811.3261 00000479.4667 -0003871.6773 00006058.6886 02335624.2229 00011314.8651
> 5832 1
H41 -0871610.4780 06251828.8489 04147868.0981 00000479.6928 -0003877.5987 00006054.8545 02333343.4075 00011236.8617
> 5833 1
H41 -0871130.6726 06247875.6344 04153921.0331 00000479.9177 -0003883.5166 00006051.0147 02331078.1459 00011158.6234
> 5834 1
H41 -0870650.6430 06243916.6035 04159970.1257 00000480.1413 -0003889.4309 00006047.1694 02328828.4846 00011080.1510
> 5835 1
H41 -0870170.3905 06239951.7601 04166015.3702 00000480.3636 -0003895.3415 00006043.3185 02326594.4704 00011001.4453
> 5836 1
H41 -0869689.9163 06235981.1076 04172056.7609 00000480.5846 -0003901.2486 00006039.4621 02324376.1496 00010922.5071
> 5837 1
H41 -0869209.2218 06232004.6497 04178094.2924 00000480.8043 -0003907.1520 00006035.6000 02322173.5685 00010843.3371
> 5838 1
H41 -0868728.3082 06228022.3900 04184127.9590 00000481.0227 -0003913.0518 00006031.7323 02319986.7733 00010763.9362
> 5839 1
H41 -0868247.1768 06224034.3321 04190157.7552 00000481.2398 -0003918.9479 00006027.8591 02317815.8100 00010684.3051
> 5840 1
H41 -0867765.8289 06220040.4798 04196183.6753 00000481.4557 -0003924.8404 00006023.9803 02315660.7243 00010604.4448
> 5841 1
H41 -0867284.2658 06216040.8365 04202205.7138 00000481.6702 -0003930.7293 00006020.0959 02313521.5619 00010524.3561
> 5842 1
H41 -0866802.4889 06212035.4061 04208223.8652 00000481.8835 -0003936.6145 00006016.2059 02311398.3681 00010444.0399
> 5843 1
H41 -0866320.4993 06208024.1921 04214238.1238 00000482.0955 -0003942.4961 00006012.3104 02309291.1884 00010363.4972
> 5844 1
H41 -0865838.2983 06204007.1981 04220248.4841 00000482.3062 -0003948.3740 00006008.4093 02307200.0677 00010282.7288
> 5845 1
H41 -0865355.8873 06199984.4279 04226254.9406 00000482.5156 -0003954.2482 00006004.5027 02305125.0510 00010201.7357
> 5846 1
H41 -0864873.2675 06195955.8851 04232257.4876 00000482.7237 -0003960.1187 00006000.5905 02303066.1830 00010120.5189
> 5847 1
H41 -0864390.4403 06191921.5734 04238256.1197 00000482.9306 -0003965.9856 00005996.6727 02301023.5081 00010039.0794
> 5848 1
H41 -0863907.4068 06187881.4965 04244250.8312 00000483.1361 -0003971.8488 00005992.7494 02298997.0707 00009957.4182
> 5849 1
H41 -0863424.1684 06183835.6580 04250241.6167 00000483.3404 -0003977.7083 00005988.8206 02296986.9149 00009875.5363
> 5850 1
H41 -0862940.7265 06179784.0617 04256228.4706 00000483.5434 -0003983.5640 00005984.8862 02294993.0847 00009793.4348
> 5851 1
H41 -0862457.0821 06175726.7113 04262211.3873 00000483.7451 -0003989.4161 00005980.9463 02293015.6235 00009711.1147
> 5852 1
H41 -0861973.2367 06171663.6103 04268190.3614 00000483.9455 -0003995.2645 00005977.0009 02291054.5751 00009628.5772
> 5853 1
H41 -0861489.1915 06167594.7627 04274165.3872 00000484.1446 -0004001.1092 00005973.0499 02289109.9825 00009545.8234
> 5854 1
H41 -0861004.9478 06163520.1720 04280136.4593 00000484.3425 -0004006.9501 00005969.0934 02287181.8889 00009462.8544
> 5855 1
H41 -0860520.5070 06159439.8420 04286103.5721 00000484.5391 -0004012.7873 00005965.1314 02285270.3370 00009379.6713
> 5856 1
H41 -0860035.8701 06155353.7764 04292066.7202 00000484.7344 -0004018.6208 00005961.1638 02283375.3694 00009296.2753
> 5857 1
H41 -0859551.0387 06151261.9789 04298025.8980 00000484.9284 -0004024.4505 00005957.1908 02281497.0284 00009212.6677
> 5858 1
H41 -0859066.0138 06147164.4533 04303981.0999 00000485.1211 -0004030.2765 00005953.2122 02279635.3561 00009128.8496
> 5859 1
H41 -0858580.7969 06143061.2034 04309932.3205 00000485.3125 -0004036.0988 00005949.2281 02277790.3944 00009044.8223
> 5860 1
H41 -0858095.3892 06138952.2328 04315879.5544 00000485.5027 -0004041.9173 00005945.2386 02275962.1848 00008960.5871
> 5861 1
H41 -0857609.7920 06134837.5453 04321822.7958 00000485.6916 -0004047.7320 00005941.2435 02274150.7688 00008876.1452
> 5862 1
H41 -0857124.0065 06130717.1446 04327762.0395 00000485.8792 -0004053.5430 00005937.2429 02272356.1873 00008791.4978
> 5863 1
H41 -0856638.0340 06126591.0347 04333697.2799 00000486.0655 -0004059.3502 00005933.2369 02270578.4812 00008706.6465
> 5864 1
H41 -0856151.8759 06122459.2191 04339628.5114 00000486.2506 -0004065.1536 00005929.2253 02268817.6912 00008621.5923
> 5865 1
H41 -0855665.5333 06118321.7017 04345555.7287 00000486.4343 -0004070.9533 00005925.2083 02267073.8574 00008536.3369
> 5866 1
H41 -0855179.0077 06114178.4862 04351478.9261 00000486.6168 -0004076.7491 00005921.1858 02265347.0198 00008450.8814
> 5867 1
H41 -0854692.3002 06110029.5765 04357398.0984 00000486.7980 -0004082.5412 00005917.1578 02263637.2184 00008365.2274
> 5868 1
H41 -0854205.4121 06105874.9763 04363313.2399 00000486.9779 -0004088.3295 00005913.1243 02261944.4924 00008279.3762
> 5869 1
H41 -0853718.3447 06101714.6894 04369224.3451 00000487.1566 -0004094.1139 00005909.0854 02260268.8811 00008193.3292
> 5870 1
H41 -0853231.0993 06097548.7196 04375131.4088 00000487.3340 -0004099.8946 00005905.0410 02258610.4234 00008107.0880
> 5871 1
H41 -0852743.6771 06093377.0708 04381034.4253 00000487.5101 -0004105.6714 00005900.9911 02256969.1578 00008020.6541
> 5872 1
H41 -0852256.0795 06089199.7467 04386933.3891 00000487.6849 -0004111.4444 00005896.9358 02255345.1227 00007934.0288
> 5873 1
H41 -0851768.3078 06085016.7511 04392828.2950 00000487.8585 -0004117.2136 00005892.8750 02253738.3561 00007847.2138
> 5874 1
H41 -0851280.3631 06080828.0880 04398719.1373 00000488.0307 -0004122.9790 00005888.8088 02252148.8956 00007760.2105
> 5875 1
H41 -0850792.2467 06076633.7610 04404605.9107 00000488.2017 -0004128.7405 00005884.7371 02250576.7787 00007673.0206
> 5876 1
H41 -0850303.9600 06072433.7740 04410488.6097 00000488.3715 -0004134.4981 00005880.6600 02249022.0424 00007585.6457
> 5877 1
H41 -0849815.5042 06068228.1310 04416367.2288 00000488.5399 -0004140.2519 00005876.5774 02247484.7234 00007498.0872
> 5878 1
H41 -0849326.8806 06064016.8356 04422241.7627 00000488.7071 -0004146.0019 00005872.4894 02245964.8583 00007410.3469
> 5879 1
H41 -0848838.0905 06059799.8919 04428112.2059 00000488.8730 -0004151.7480 00005868.3960 02244462.4830 00007322.4264
> 5880 1
H41 -0848349.1351 06055577.3035 04433978.5529 00000489.0376 -0004157.4902 00005864.2971 02242977.6335 00007234.3273
> 5881 1
H41 -0847860.0157 06051349.0744 04439840.7983 00000489.2010 -0004163.2286 00005860.1928 02241510.3451 00007146.0514
> 5882 1
H41 -0847370.7335 06047115.2085 04445698.9368 00000489.3631 -0004168.9631 00005856.0831 02240060.6530 00007057.6002
> 5883 1
H41 -0846881.2899 06042875.7095 04451552.9628 00000489.5239 -0004174.6937 00005851.9680 02238628.5919 00006968.9756
> 5884 1
H41 -0846391.6862 06038630.5815 04457402.8710 00000489.6834 -0004180.4204 00005847.8475 02237214.1962 00006880.1793
> 5885 1
H41 -0845901.9235 06034379.8282 04463248.6560 00000489.8417 -0004186.1432 00005843.7216 02235817.5001 00006791.2131
> 5886 1
H41 -0845412.0032 06030123.4536 04469090.3123 00000489.9987 -0004191.8622 00005839.5902 02234438.5372 00006702.0786
> 5887 1
H41 -0844921.9265 06025861.4616 04474927.8346 00000490.1544 -0004197.5772 00005835.4535 02233077.3409 00006612.7777
> 5888 1
H41 -0844431.6947 06021593.8560 04480761.2174 00000490.3089 -0004203.2883 00005831.3113 02231733.9443 00006523.3123
> 5889 1
H41 -0843941.3091 06017320.6407 04486590.4554 00000490.4621 -0004208.9955 00005827.1638 02230408.3800 00006433.6841
> 5890 1
H41 -0843450.7710 06013041.8197 04492415.5431 00000490.6140 -0004214.6987 00005823.0108 02229100.6802 00006343.8950
> 5891 1
H41 -0842960.0815 06008757.3969 04498236.4753 00000490.7647 -0004220.3981 00005818.8525 02227810.8770 00006253.9469
> 5892 1
H41 -0842469.2420 06004467.3761 04504053.2464 00000490.9141 -0004226.0935 00005814.6888 02226539.0017 00006163.8416
> 5893 1
H41 -0841978.2538 06000171.7614 04509865.8511 00000491.0622 -0004231.7849 00005810.5197 02225285.0857 00006073.5811
> 5894 1
H41 -0841487.1181 05995870.5566 04515674.2841 00000491.2090 -0004237.4725 00005806.3453 02224049.1596 00005983.1673
> 5895 1
H41 -0840995.8361 05991563.7657 04521478.5399 00000491.3546 -0004243.1560 00005802.1655 02222831.2538 00005892.6020
> 5896 1
H41 -0840504.4092 05987251.3925 04527278.6132 00000491.4990 -0004248.8357 00005797.9803 02221631.3984 00005801.8874
> 5897 1
H41 -0840012.8386 05982933.4412 04533074.4986 00000491.6420 -0004254.5113 00005793.7897 02220449.6230 00005711.0253
> 5898 1
H41 -0839521.1256 05978609.9156 04538866.1908 00000491.7838 -0004260.1830 00005789.5938 02219285.9568 00005620.0178
> 5899 1
H41 -0839029.2714 05974280.8196 04544653.6844 00000491.9243 -0004265.8507 00005785.3925 02218140.4286 00005528.8669
> 5900 1
H41 -0838537.2774 05969946.1572 04550436.9740 00000492.0636 -0004271.5145 00005781.1859 02217013.0668 00005437.5745
> 5901 1
H41 -0838045.1447 05965605.9325 04556216.0544 00000492.2016 -0004277.1742 00005776.9739 02215903.8995 00005346.1427
> 5902 1
H41 -0837552.8746 05961260.1493 04561990.9201 00000492.3383 -0004282.8300 00005772.7566 02214812.9542 00005254.5737
> 5903 1
H41 -0837060.4684 05956908.8117 04567761.5658 00000492.4738 -0004288.4818 00005768.5340 02213740.2581 00005162.8694
> 5904 1
H41 -0836567.9274 05952551.9236 04573527.9862 00000492.6080 -0004294.1296 00005764.3060 02212685.8381 00005071.0319
> 5905 1
H41 -0836075.2528 05948189.4890 04579290.1760 00000492.7410 -0004299.7734 00005760.0726 02211649.7204 00004979.0635
> 5906 1
H41 -0835582.4458 05943821.5119 04585048.1298 00000492.8727 -0004305.4131 00005755.8340 02210631.9310 00004886.9661
> 5907 1
H41 -0835089.5079 05939447.9963 04590801.8422 00000493.0031 -0004311.0489 00005751.5900 02209632.4954 00004794.7419
> 5908 1
H41 -0834596.4401 05935068.9462 04596551.3080 00000493.1323 -0004316.6806 00005747.3407 02208651.4388 00004702.3932
> 5909 1
H41 -0834103.2438 05930684.3656 04602296.5219 00000493.2602 -0004322.3083 00005743.0861 02207688.7856 00004609.9220
> 5910 1
H41 -0833609.9202 05926294.2586 04608037.4784 00000493.3868 -0004327.9320 00005738.8262 02206744.5603 00004517.3306
> 5911 1
H41 -0833116.4706 05921898.6291 04613774.1725 00000493.5122 -0004333.5516 00005734.5609 02205818.7865 00004424.6211
> 5912 1
H41 -0832622.8962 05917497.4811 04619506.5986 00000493.6363 -0004339.1672 00005730.2904 02204911.4875 00004331.7957
> 5913 1
H41 -0832129.1984 05913090.8188 04625234.7515 00000493.7592 -0004344.7788 00005726.0146 02204022.6863 00004238.8568
> 5914 1
H41 -0831635.3783 05908678.6461 04630958.6260 00000493.8808 -0004350.3863 00005721.7334 02203152.4054 00004145.8065
> 5915 1
H41 -0831141.4372 05904260.9671 04636678.2166 00000494.0012 -0004355.9897 00005717.4470 02202300.6667 00004052.6471
> 5916 1
H41 -0830647.3764 05899837.7858 04642393.5182 00000494.1203 -0004361.5891 00005713.1553 02201467.4917 00003959.3808
> 5917 1
H41 -0830153.1971 05895409.1063 04648104.5254 00000494.2381 -0004367.1844 00005708.8583 02200652.9017 00003866.0100
> 5918 1
H41 -0829658.9006 05890974.9326 04653811.2330 00000494.3547 -0004372.7756 00005704.5560 02199856.9171 00003772.5370
> 5919 1
H41 -0829164.4881 05886535.2688 04659513.6357 00000494.4700 -0004378.3627 00005700.2484 02199079.5583 00003678.9640
> 5920 1
H41 -0828669.9610 05882090.1190 04665211.7282 00000494.5841 -0004383.9458 00005695.9356 02198320.8449 00003585.2933
> 5921 1
H41 -0828175.3204 05877639.4872 04670905.5052 00000494.6969 -0004389.5248 00005691.6175 02197580.7961 00003491.5274
> 5922 1
H41 -0827680.5676 05873183.3775 04676594.9614 00000494.8085 -0004395.0996 00005687.2941 02196859.4308 00003397.6686
> 5923 1
H41 -0827185.7038 05868721.7940 04682280.0917 00000494.9188 -0004400.6704 00005682.9655 02196156.7673 00003303.7192
> 5924 1
H41 -0826690.7304 05864254.7407 04687960.8907 00000495.0279 -0004406.2371 00005678.6316 02195472.8234 00003209.6816
> 5925 1
H41 -0826195.6485 05859782.2219 04693637.3532 00000495.1357 -0004411.7996 00005674.2925 02194807.6165 00003115.5581
> 5926 1
H41 -0825700.4595 05855304.2415 04699309.4740 00000495.2422 -0004417.3580 00005669.9481 02194161.1635 00003021.3512
> 5927 1
H41 -0825205.1645 05850820.8036 04704977.2477 00000495.3475 -0004422.9123 00005665.5985 02193533.4809 00002927.0633
> 5928 1
H41 -0824709.7649 05846331.9124 04710640.6692 00000495.4516 -0004428.4625 00005661.2436 02192924.5845 00002832.6968
> 5929 1
H41 -0824214.2618 05841837.5721 04716299.7332 00000495.5544 -0004434.0086 00005656.8835 02192334.4898 00002738.2541
> 5930 1
H41 -0823718.6565 05837337.7866 04721954.4344 00000495.6559 -0004439.5505 00005652.5182 02191763.2118 00002643.7376
> 5931 1
H41 -0823222.9503 05832832.5602 04727604.7677 00000495.7562 -0004445.0882 00005648.1476 02191210.7650 00002549.1498
> 5932 1
H41 -0822727.1444 05828321.8969 04733250.7279 00000495.8553 -0004450.6218 00005643.7718 02190677.1634 00002454.4931
> 5933 1
H41 -0822231.2401 05823805.8009 04738892.3096 00000495.9531 -0004456.1513 00005639.3908 02190162.4204 00002359.7701
> 5934 1
H41 -0821735.2386 05819284.2764 04744529.5077 00000496.0497 -0004461.6766 00005635.0045 02189666.5492 00002264.9831
> 5935 1
H41 -0821239.1412 05814757.3274 04750162.3169 00000496.1450 -0004467.1977 00005630.6131 02189189.5622 00002170.1346
> 5936 1
H41 -0820742.9491 05810224.9582 04755790.7321 00000496.2390 -0004472.7146 00005626.2164 02188731.4715 00002075.2272
> 5937 1
H41 -0820246.6635 05805687.1728 04761414.7481 00000496.3319 -0004478.2274 00005621.8146 02188292.2886 00001980.2634
> 5938 1
H41 -0819750.2858 05801143.9755 04767034.3596 00000496.4234 -0004483.7360 00005617.4075 02187872.0245 00001885.2455
> 5939 1
H41 -0819253.8170 05796595.3704 04772649.5614 00000496.5138 -0004489.2404 00005612.9953 02187470.6898 00001790.1762
> 5940 1
H41 -0818757.2586 05792041.3617 04778260.3484 00000496.6029 -0004494.7406 00005608.5778 02187088.2945 00001695.0580
> 5941 1
H41 -0818260.6118 05787481.9535 04783866.7153 00000496.6907 -0004500.2366 00005604.1552 02186724.8482 00001599.8933
> 5942 1
H41 -0817763.8777 05782917.1500 04789468.6571 00000496.7773 -0004505.7284 00005599.7274 02186380.3598 00001504.6847
> 5943 1
H41 -0817267.0576 05778346.9555 04795066.1684 00000496.8626 -0004511.2160 00005595.2944 02186054.8379 00001409.4348
> 5944 1
H41 -0816770.1528 05773771.3741 04800659.2441 00000496.9468 -0004516.6994 00005590.8562 02185748.2905 00001314.1461
> 5945 1
H41 -0816273.1645 05769190.4100 04806247.8791 00000497.0296 -0004522.1785 00005586.4129 02185460.7252 00001218.8211
> 5946 1
H41 -0815776.0940 05764604.0674 04811832.0681 00000497.1112 -0004527.6535 00005581.9643 02185192.1489 00001123.4623
> 5947 1
H41 -0815278.9424 05760012.3505 04817411.8060 00000497.1916 -0004533.1242 00005577.5107 02184942.5681 00001028.0724
> 5948 1
H41 -0814781.7111 05755415.2636 04822987.0877 00000497.2708 -0004538.5906 00005573.0518 02184711.9888 00000932.6539
> 5949 1
H41 -0814284.4013 05750812.8107 04828557.9080 00000497.3487 -0004544.0529 00005568.5878 02184500.4166 00000837.2093
> 5950 1
H41 -0813787.0142 05746204.9963 04834124.2617 00000497.4253 -0004549.5108 00005564.1187 02184307.8562 00000741.7412
> 5951 1
H41 -0813289.5510 05741591.8244 04839686.1436 00000497.5008 -0004554.9646 00005559.6444 02184134.3123 00000646.2522
> 5952 1
H41 -0812792.0130 05736973.2994 04845243.5487 00000497.5750 -0004560.4140 00005555.1650 02183979.7888 00000550.7449
> 5953 1
H41 -0812294.4015 05732349.4254 04850796.4719 00000497.6479 -0004565.8592 00005550.6804 02183844.2890 00000455.2218
> 5954 1
H41 -0811796.7176 05727720.2067 04856344.9078 00000497.7196 -0004571.3002 00005546.1907 02183727.8159 00000359.6855
> 5955 1
H41 -0811298.9626 05723085.6476 04861888.8515 00000497.7901 -0004576.7369 00005541.6959 02183630.3720 00000264.1386
> 5956 1
H41 -0810801.1378 05718445.7522 04867428.2978 00000497.8593 -0004582.1692 00005537.1959 02183551.9589 00000168.5836
> 5957 1
H41 -0810303.2444 05713800.5249 04872963.2416 00000497.9274 -0004587.5973 00005532.6908 02183492.5783 00000073.0232
> 5958 1
H41 -0809805.2835 05709149.9700 04878493.6778 00000497.9941 -0004593.0212 00005528.1806 02183452.2308 -0000022.5400
> 5959 1
H41 -0809307.2565 05704494.0916 04884019.6011 00000498.0597 -0004598.4407 00005523.6653 02183430.9169 -0000118.1036
> 5960 1
H41 -0808809.1646 05699832.8941 04889541.0066 00000498.1240 -0004603.8559 00005519.1449 02183428.6364 -0000213.6649
> 5961 1
H41 -0808311.0090 05695166.3817 04895057.8892 00000498.1870 -0004609.2668 00005514.6193 02183445.3885 -0000309.2213
> 5962 1
H41 -0807812.7910 05690494.5587 04900570.2436 00000498.2489 -0004614.6734 00005510.0887 02183481.1721 -0000404.7702
> 5963 1
H41 -0807314.5117 05685817.4295 04906078.0649 00000498.3095 -0004620.0757 00005505.5530 02183535.9855 -0000500.3091
> 5964 1
H41 -0806816.1724 05681134.9982 04911581.3479 00000498.3688 -0004625.4737 00005501.0121 02183609.8264 -0000595.8354
> 5965 1
H41 -0806317.7744 05676447.2693 04917080.0875 00000498.4270 -0004630.8673 00005496.4662 02183702.6921 -0000691.3465
> 5966 1
H41 -0805819.3189 05671754.2469 04922574.2786 00000498.4839 -0004636.2567 00005491.9152 02183814.5793 -0000786.8398
> 5967 1
H41 -0805320.8070 05667055.9355 04928063.9163 00000498.5396 -0004641.6416 00005487.3592 02183945.4842 -0000882.3128
> 5968 1
H41 -0804822.2401 05662352.3392 04933548.9953 00000498.5940 -0004647.0223 00005482.7980 02184095.4026 -0000977.7628
> 5969 1
H41 -0804323.6194 05657643.4626 04939029.5106 00000498.6473 -0004652.3986 00005478.2318 02184264.3297 -0001073.1874
> 5970 1
H41 -0803824.9460 05652929.3097 04944505.4572 00000498.6992 -0004657.7705 00005473.6605 02184452.2601 -0001168.5839
> 5971 1
H41 -0803326.2213 05648209.8851 04949976.8299 00000498.7500 -0004663.1381 00005469.0841 02184659.1880 -0001263.9498
> 5972 1
H41 -0802827.4464 05643485.1930 04955443.6238 00000498.7996 -0004668.5013 00005464.5027 02184885.1071 -0001359.2825
> 5973 1
H41 -0802328.6226 05638755.2377 04960905.8337 00000498.8479 -0004673.8602 00005459.9163 02185130.0105 -0001454.5795
> 5974 1
H41 -0801829.7511 05634020.0237 04966363.4546 00000498.8950 -0004679.2146 00005455.3247 02185393.8909 -0001549.8382
> 5975 1
H41 -0801330.8331 05629279.5552 04971816.4815 00000498.9408 -0004684.5647 00005450.7282 02185676.7405 -0001645.0561
> 5976 1
H41 -0800831.8698 05624533.8366 04977264.9093 00000498.9855 -0004689.9105 00005446.1266 02185978.5507 -0001740.2306
> 5977 1
H41 -0800332.8625 05619782.8723 04982708.7330 00000499.0289 -0004695.2518 00005441.5199 02186299.3129 -0001835.3592
> 5978 1
H41 -0799833.8125 05615026.6666 04988147.9475 00000499.0711 -0004700.5887 00005436.9083 02186639.0175 -0001930.4394
> 5979 1
H41 -0799334.7208 05610265.2239 04993582.5478 00000499.1120 -0004705.9213 00005432.2915 02186997.6548 -0002025.4687
> 5980 1
H41 -0798835.5888 05605498.5486 04999012.5289 00000499.1518 -0004711.2494 00005427.6698 02187375.2143 -0002120.4445
> 5981 1
H41 -0798336.4176 05600726.6450 05004437.8858 00000499.1903 -0004716.5731 00005423.0431 02187771.6851 -0002215.3643
> 5982 1
H41 -0797837.2086 05595949.5176 05009858.6134 00000499.2276 -0004721.8924 00005418.4113 02188187.0559 -0002310.2256
> 5983 1
H41 -0797337.9628 05591167.1707 05015274.7067 00000499.2637 -0004727.2073 00005413.7745 02188621.3147 -0002405.0260
> 5984 1
H41 -0796838.6816 05586379.6087 05020686.1607 00000499.2986 -0004732.5178 00005409.1327 02189074.4492 -0002499.7629
> 5985 1
H41 -0796339.3661 05581586.8360 05026092.9704 00000499.3322 -0004737.8238 00005404.4859 02189546.4465 -0002594.4339
> 5986 1
H41 -0795840.0175 05576788.8570 05031495.1309 00000499.3646 -0004743.1255 00005399.8341 02190037.2933 -0002689.0364
> 5987 1
H41 -0795340.6372 05571985.6761 05036892.6370 00000499.3958 -0004748.4226 00005395.1773 02190546.9756 -0002783.5681
> 5988 1
H41 -0794841.2263 05567177.2978 05042285.4839 00000499.4258 -0004753.7153 00005390.5156 02191075.4791 -0002878.0265
> 5989 1
H41 -0794341.7859 05562363.7264 05047673.6665 00000499.4546 -0004759.0036 00005385.8488 02191622.7890 -0002972.4091
> 5990 1
H41 -0793842.3174 05557544.9664 05053057.1798 00000499.4822 -0004764.2874 00005381.1770 02192188.8899 -0003066.7135
> 5991 1
H41 -0793342.8220 05552721.0222 05058436.0189 00000499.5085 -0004769.5668 00005376.5003 02192773.7661 -0003160.9373
> 5992 1
H41 -0792843.3008 05547891.8982 05063810.1788 00000499.5336 -0004774.8417 00005371.8186 02193377.4012 -0003255.0781
> 5993 1
H41 -0792343.7551 05543057.5989 05069179.6545 00000499.5576 -0004780.1121 00005367.1320 02193999.7785 -0003349.1334
> 5994 1
H41 -0791844.1861 05538218.1287 05074544.4411 00000499.5803 -0004785.3780 00005362.4403 02194640.8806 -0003443.1009
> 5995 1
H41 -0791344.5950 05533373.4921 05079904.5335 00000499.6017 -0004790.6395 00005357.7437 02195300.6900 -0003536.9782
> 5996 1
H41 -0790844.9830 05528523.6935 05085259.9269 00000499.6220 -0004795.8965 00005353.0422 02195979.1883 -0003630.7628
> 5997 1
H41 -0790345.3514 05523668.7374 05090610.6162 00000499.6411 -0004801.1490 00005348.3357 02196676.3568 -0003724.4526
> 5998 1
H41 -0789845.7013 05518808.6282 05095956.5966 00000499.6589 -0004806.3969 00005343.6242 02197392.1766 -0003818.0450
> 5999 1
H41 -0789346.0339 05513943.3704 05101297.8630 00000499.6756 -0004811.6404 00005338.9078 02198126.6278 -0003911.5378
> 6000 1
H41 -0788846.3505 05509072.9685 05106634.4106 00000499.6910 -0004816.8794 00005334.1865 02198879.6905 -0004004.9287
> 6001 1
H41 -0788346.6523 05504197.4269 05111966.2344 00000499.7052 -0004822.1139 00005329.4602 02199651.3441 -0004098.2152
> 6002 1
H41 -0787846.9404 05499316.7502 05117293.3295 00000499.7182 -0004827.3438 00005324.7291 02200441.5676 -0004191.3953
> 6003 1
H41 -0787347.2162 05494430.9428 05122615.6909 00000499.7301 -0004832.5693 00005319.9929 02201250.3395 -0004284.4665
> 6004 1
H41 -0786847.4807 05489540.0092 05127933.3137 00000499.7407 -0004837.7902 00005315.2519 02202077.6379 -0004377.4265
> 6005 1
H41 -0786347.7353 05484643.9540 05133246.1930 00000499.7500 -0004843.0066 00005310.5059 02202923.4406 -0004470.2732
> 6006 1
H41 -0785847.9810 05479742.7815 05138554.3240 00000499.7582 -0004848.2184 00005305.7551 02203787.7245 -0004563.0043
> 6007 1
H41 -0785348.2192 05474836.4963 05143857.7015 00000499.7652 -0004853.4257 00005300.9993 02204670.4666 -0004655.6175
> 6008 1
H41 -0784848.4510 05469925.1030 05149156.3209 00000499.7710 -0004858.6284 00005296.2386 02205571.6431 -0004748.1106
> 6009 1
H41 -0784348.6776 05465008.6061 05154450.1771 00000499.7756 -0004863.8266 00005291.4730 02206491.2297 -0004840.4815
> 6010 1
H41 -0783848.9003 05460087.0099 05159739.2653 00000499.7789 -0004869.0203 00005286.7026 02207429.2021 -0004932.7280
> 6011 1
H41 -0783349.1202 05455160.3192 05165023.5806 00000499.7811 -0004874.2094 00005281.9272 02208385.5351 -0005024.8478
> 6012 1
H41 -0782849.3385 05450228.5385 05170303.1181 00000499.7821 -0004879.3939 00005277.1469 02209360.2032 -0005116.8388
> 6013 1
H41 -0782349.5564 05445291.6721 05175577.8728 00000499.7818 -0004884.5738 00005272.3618 02210353.1807 -0005208.6989
> 6014 1
H41 -0781849.7752 05440349.7248 05180847.8400 00000499.7804 -0004889.7492 00005267.5718 02211364.4412 -0005300.4260
> 6015 1
H41 -0781349.9961 05435402.7010 05186113.0148 00000499.7778 -0004894.9199 00005262.7769 02212393.9580 -0005392.0179
> 6016 1
H41 -0780850.2201 05430450.6053 05191373.3922 00000499.7739 -0004900.0861 00005257.9772 02213441.7039 -0005483.4726
> 6017 1
H41 -0780350.4486 05425493.4423 05196628.9675 00000499.7689 -0004905.2477 00005253.1725 02214507.6514 -0005574.7880
> 6018 1
H41 -0779850.6827 05420531.2165 05201879.7357 00000499.7627 -0004910.4047 00005248.3631 02215591.7725 -0005665.9619
> 6019 1
H41 -0779350.9237 05415563.9324 05207125.6920 00000499.7552 -0004915.5571 00005243.5487 02216694.0388 -0005756.9925
> 6020 1
H41 -0778851.1727 05410591.5947 05212366.8316 00000499.7466 -0004920.7049 00005238.7296 02217814.4215 -0005847.8776
> 6021 1
H41 -0778351.4309 05405614.2079 05217603.1495 00000499.7368 -0004925.8481 00005233.9055 02218952.8915 -0005938.6152
> 6022 1
H41 -0777851.6996 05400631.7766 05222834.6410 00000499.7258 -0004930.9867 00005229.0767 02220109.4191 -0006029.2033
> 6023 1
H41 -0777351.9798 05395644.3054 05228061.3012 00000499.7135 -0004936.1206 00005224.2430 02221283.9743 -0006119.6401
> 6024 1
H41 -0776852.2729 05390651.7989 05233283.1253 00000499.7001 -0004941.2500 00005219.4044 02222476.5269 -0006209.9234
> 6025 1
H41 -0776352.5799 05385654.2616 05238500.1085 00000499.6855 -0004946.3746 00005214.5611 02223687.0459 -0006300.0514
> 6026 1
H41 -0775852.9022 05380651.6982 05243712.2458 00000499.6697 -0004951.4947 00005209.7129 02224915.5002 -0006390.0222
> 6027 1
H41 -0775353.2409 05375644.1133 05248919.5326 00000499.6528 -0004956.6101 00005204.8599 02226161.8584 -0006479.8338
> 6028 1
H41 -0774853.5971 05370631.5114 05254121.9640 00000499.6346 -0004961.7208 00005200.0020 02227426.0884 -0006569.4843
> 6029 1
H41 -0774353.9721 05365613.8973 05259319.5351 00000499.6152 -0004966.8270 00005195.1394 02228708.1581 -0006658.9720
> 6030 1
H41 -0773854.3671 05360591.2754 05264512.2412 00000499.5947 -0004971.9284 00005190.2720 02230008.0347 -0006748.2949
> 6031 1
H41 -0773354.7832 05355563.6505 05269700.0774 00000499.5729 -0004977.0252 00005185.3997 02231325.6851 -0006837.4512
> 6032 1
H41 -0772855.2216 05350531.0271 05274883.0390 00000499.5500 -0004982.1173 00005180.5227 02232661.0761 -0006926.4390
> 6033 1
H41 -0772355.6836 05345493.4099 05280061.1212 00000499.5259 -0004987.2048 00005175.6409 02234014.1739 -0007015.2567
> 6034 1
H41 -0771856.1703 05340450.8035 05285234.3192 00000499.5005 -0004992.2875 00005170.7543 02235384.9442 -0007103.9024
> 6035 1
H41 -0771356.6829 05335403.2126 05290402.6281 00000499.4741 -0004997.3656 00005165.8629 02236773.3528 -0007192.3744
> 6036 1
H41 -0770857.2226 05330350.6418 05295566.0433 00000499.4464 -0005002.4390 00005160.9667 02238179.3647 -0007280.6709
> 6037 1
H41 -0770357.7906 05325293.0957 05300724.5599 00000499.4175 -0005007.5077 00005156.0657 02239602.9449 -0007368.7902
> 6038 1
H41 -0769858.3880 05320230.5791 05305878.1731 00000499.3875 -0005012.5718 00005151.1600 02241044.0578 -0007456.7307
> 6039 1
H41 -0769359.0160 05315163.0966 05311026.8783 00000499.3562 -0005017.6311 00005146.2495 02242502.6675 -0007544.4906
> 6040 1
H41 -0768859.6759 05310090.6528 05316170.6706 00000499.3238 -0005022.6857 00005141.3343 02243978.7380 -0007632.0682
> 6041 1
H41 -0768360.3688 05305013.2524 05321309.5452 00000499.2902 -0005027.7356 00005136.4143 02245472.2326 -0007719.4620
> 6042 1
H41 -0767861.0959 05299930.9001 05326443.4975 00000499.2554 -0005032.7808 00005131.4895 02246983.1147 -0007806.6703
> 6043 1
H41 -0767361.8584 05294843.6006 05331572.5227 00000499.2195 -0005037.8212 00005126.5600 02248511.3470 -0007893.6916
> 6044 1
H41 -0766862.6574 05289751.3585 05336696.6160 00000499.1823 -0005042.8570 00005121.6258 02250056.8921 -0007980.5241
> 6045 1
H41 -0766363.4941 05284654.1785 05341815.7726 00000499.1440 -0005047.8880 00005116.6868 02251619.7122 -0008067.1665
> 6046 1
H41 -0765864.3697 05279552.0654 05346929.9880 00000499.1045 -0005052.9142 00005111.7431 02253199.7693 -0008153.6171
> 6047 1
H41 -0765365.2855 05274445.0239 05352039.2572 00000499.0638 -0005057.9358 00005106.7946 02254797.0249 -0008239.8744
> 6048 1
H41 -0764866.2425 05269333.0585 05357143.5757 00000499.0220 -0005062.9525 00005101.8415 02256411.4403 -0008325.9369
> 6049 1
H41 -0764367.2419 05264216.1741 05362242.9386 00000498.9790 -0005067.9646 00005096.8836 02258042.9766 -0008411.8032
> 6050 1
H41 -0763868.2850 05259094.3754 05367337.3413 00000498.9347 -0005072.9719 00005091.9210 02259691.5944 -0008497.4717
> 6051 1
H41 -0763369.3728 05253967.6670 05372426.7790 00000498.8894 -0005077.9744 00005086.9537 02261357.2543 -0008582.9411
> 6052 1
H41 -0762870.5066 05248836.0537 05377511.2470 00000498.8428 -0005082.9721 00005081.9817 02263039.9163 -0008668.2099
> 6053 1
H41 -0762371.6876 05243699.5403 05382590.7407 00000498.7951 -0005087.9651 00005077.0049 02264739.5403 -0008753.2767
> 6054 1
H41 -0761872.9168 05238558.1314 05387665.2553 00000498.7462 -0005092.9533 00005072.0235 02266456.0858 -0008838.1402
> 6055 1
H41 -0761374.1956 05233411.8318 05392734.7862 00000498.6961 -0005097.9367 00005067.0374 02268189.5123 -0008922.7990
> 6056 1
H41 -0760875.5250 05228260.6462 05397799.3286 00000498.6449 -0005102.9154 00005062.0466 02269939.7787 -0009007.2517
> 6057 1
H41 -0760376.9062 05223104.5793 05402858.8779 00000498.5925 -0005107.8892 00005057.0512 02271706.8438 -0009091.4970
> 6058 1
H41 -0759878.3405 05217943.6361 05407913.4294 00000498.5389 -0005112.8583 00005052.0510 02273490.6661 -0009175.5337
> 6059 1
H41 -0759379.8289 05212777.8210 05412962.9783 00000498.4841 -0005117.8226 00005047.0462 02275291.2039 -0009259.3604
> 6060 1
H41 -0758881.3726 05207607.1390 05418007.5201 00000498.4282 -0005122.7820 00005042.0367 02277108.4151 -0009342.9759
> 6061 1
H41 -0758382.9729 05202431.5949 05423047.0501 00000498.3711 -0005127.7367 00005037.0225 02278942.2576 -0009426.3790
> 6062 1
H41 -0757884.6308 05197251.1932 05428081.5636 00000498.3129 -0005132.6865 00005032.0037 02280792.6889 -0009509.5684
> 6063 1
H41 -0757386.3476 05192065.9390 05433111.0560 00000498.2534 -0005137.6315 00005026.9802 02282659.6661 -0009592.5430
> 6064 1
H41 -0756888.1243 05186875.8368 05438135.5225 00000498.1928 -0005142.5717 00005021.9521 02284543.1464 -0009675.3015
> 6065 1
H41 -0756389.9623 05181680.8916 05443154.9586 00000498.1311 -0005147.5071 00005016.9193 02286443.0865 -0009757.8429
> 6066 1
H41 -0755891.8625 05176481.1080 05448169.3597 00000498.0682 -0005152.4376 00005011.8819 02288359.4430 -0009840.1660
> 6067 1
H41 -0755393.8263 05171276.4909 05453178.7210 00000498.0041 -0005157.3633 00005006.8399 02290292.1723 -0009922.2697
> 6068 1
H41 -0754895.8547 05166067.0451 05458183.0379 00000497.9389 -0005162.2842 00005001.7932 02292241.2305 -0010004.1528
> 6069 1
H41 -0754397.9490 05160852.7753 05463182.3058 00000497.8725 -0005167.2002 00004996.7419 02294206.5735 -0010085.8144
> 6070 1
H41 -0753900.1102 05155633.6865 05468176.5202 00000497.8049 -0005172.1114 00004991.6860 02296188.1569 -0010167.2533
> 6071 1
H41 -0753402.3396 05150409.7833 05473165.6762 00000497.7362 -0005177.0177 00004986.6254 02298185.9363 -0010248.4686
> 6072 1
H41 -0752904.6383 05145181.0706 05478149.7695 00000497.6663 -0005181.9191 00004981.5603 02300199.8670 -0010329.4592
> 6073 1
H41 -0752407.0074 05139947.5533 05483128.7953 00000497.5953 -0005186.8157 00004976.4905 02302229.9041 -0010410.2241
> 6074 1
H41 -0751909.4481 05134709.2361 05488102.7490 00000497.5231 -0005191.7074 00004971.4161 02304276.0024 -0010490.7624
> 6075 1
H41 -0751411.9617 05129466.1239 05493071.6260 00000497.4497 -0005196.5942 00004966.3372 02306338.1166 -0010571.0730
> 6076 1
H41 -0750914.5491 05124218.2215 05498035.4218 00000497.3752 -0005201.4762 00004961.2536 02308416.2012 -0010651.1552
> 6077 1
H41 -0750417.2117 05118965.5337 05502994.1317 00000497.2995 -0005206.3533 00004956.1655 02310510.2106 -0010731.0079
> 6078 1
H41 -0749919.9505 05113708.0655 05507947.7512 00000497.2227 -0005211.2254 00004951.0727 02312620.0989 -0010810.6303
> 6079 1
H41 -0749422.7667 05108445.8215 05512896.2757 00000497.1447 -0005216.0927 00004945.9754 02314745.8201 -0010890.0215
> 6080 1
H41 -0748925.6614 05103178.8068 05517839.7005 00000497.0656 -0005220.9551 00004940.8735 02316887.3280 -0010969.1807
> 6081 1
H41 -0748428.6358 05097907.0261 05522778.0212 00000496.9853 -0005225.8126 00004935.7671 02319044.5762 -0011048.1069
> 6082 1
H41 -0747931.6911 05092630.4843 05527711.2331 00000496.9039 -0005230.6652 00004930.6560 02321217.5181 -0011126.7995
> 6083 1
H41 -0747434.8285 05087349.1862 05532639.3318 00000496.8213 -0005235.5128 00004925.5405 02323406.1071 -0011205.2576
> 6084 1
H41 -0746938.0489 05082063.1368 05537562.3125 00000496.7376 -0005240.3556 00004920.4203 02325610.2963 -0011283.4805
> 6085 1
H41 -0746441.3537 05076772.3409 05542480.1709 00000496.6527 -0005245.1934 00004915.2956 02327830.0386 -0011361.4673
> 6086 1
H41 -0745944.7439 05071476.8034 05547392.9022 00000496.5667 -0005250.0263 00004910.1664 02330065.2871 -0011439.2174
> 6087 1
H41 -0745448.2207 05066176.5292 05552300.5021 00000496.4795 -0005254.8542 00004905.0326 02332315.9942 -0011516.7300
> 6088 1
H41 -0744951.7853 05060871.5232 05557202.9659 00000496.3912 -0005259.6773 00004899.8943 02334582.1127 -0011594.0045
> 6089 1
H41 -0744455.4388 05055561.7901 05562100.2891 00000496.3017 -0005264.4954 00004894.7514 02336863.5949 -0011671.0401
> 6090 1
H41 -0743959.1823 05050247.3351 05566992.4673 00000496.2111 -0005269.3085 00004889.6040 02339160.3931 -0011747.8363
> 6091 1
H41 -0743463.0170 05044928.1628 05571879.4957 00000496.1193 -0005274.1167 00004884.4521 02341472.4595 -0011824.3923
> 6092 1
H41 -0742966.9441 05039604.2784 05576761.3700 00000496.0264 -0005278.9199 00004879.2957 02343799.7460 -0011900.7076
> 6093 1
H41 -0742470.9646 05034275.6866 05581638.0856 00000495.9324 -0005283.7182 00004874.1348 02346142.2047 -0011976.7815
> 6094 1
H41 -0741975.0797 05028942.3924 05586509.6381 00000495.8372 -0005288.5115 00004868.9693 02348499.7873 -0012052.6136
> 6095 1
H41 -0741479.2906 05023604.4006 05591376.0228 00000495.7409 -0005293.2998 00004863.7994 02350872.4454 -0012128.2031
> 6096 1
H41 -0740983.5984 05018261.7163 05596237.2353 00000495.6434 -0005298.0832 00004858.6249 02353260.1307 -0012203.5495
> 6097 1
H41 -0740488.0042 05012914.3444 05601093.2712 00000495.5448 -0005302.8616 00004853.4460 02355662.7945 -0012278.6524
> 6098 1
H41 -0739992.5092 05007562.2897 05605944.1258 00000495.4450 -0005307.6350 00004848.2626 02358080.3883 -0012353.5113
> 6099 1
H41 -0739497.1145 05002205.5572 05610789.7948 00000495.3442 -0005312.4034 00004843.0746 02360512.8633 -0012428.1255
> 6100 1
H41 -0739001.8212 04996844.1519 05615630.2736 00000495.2421 -0005317.1668 00004837.8823 02362960.1707 -0012502.4947
> 6101 1
H41 -0738506.6306 04991478.0787 05620465.5578 00000495.1390 -0005321.9252 00004832.6854 02365422.2615 -0012576.6185
> 6102 1
H41 -0738011.5437 04986107.3426 05625295.6429 00000495.0347 -0005326.6786 00004827.4840 02367899.0866 -0012650.4962
> 6103 1
H41 -0737516.5616 04980731.9485 05630120.5244 00000494.9292 -0005331.4271 00004822.2782 02370390.5971 -0012724.1277
> 6104 1
H41 -0737021.6856 04975351.9013 05634940.1979 00000494.8227 -0005336.1705 00004817.0680 02372896.7436 -0012797.5123
> 6105 1
H41 -0736526.9166 04969967.2061 05639754.6588 00000494.7150 -0005340.9089 00004811.8532 02375417.4769 -0012870.6499
> 6106 1
H41 -0736032.2560 04964577.8678 05644563.9029 00000494.6062 -0005345.6422 00004806.6341 02377952.7478 -0012943.5399
> 6107 1
H41 -0735537.7047 04959183.8913 05649367.9255 00000494.4962 -0005350.3706 00004801.4104 02380502.5066 -0013016.1821
> 6108 1
H41 -0735043.2639 04953785.2818 05654166.7223 00000494.3851 -0005355.0939 00004796.1824 02383066.7040 -0013088.5760
> 6109 1
H41 -0734548.9348 04948382.0440 05658960.2888 00000494.2729 -0005359.8122 00004790.9499 02385645.2904 -0013160.7215
> 6110 1
H41 -0734054.7185 04942974.1831 05663748.6205 00000494.1596 -0005364.5254 00004785.7129 02388238.2162 -0013232.6181
> 6111 1
H41 -0733560.6161 04937561.7039 05668531.7132 00000494.0451 -0005369.2336 00004780.4716 02390845.4316 -0013304.2656
> 6112 1
H41 -0733066.6287 04932144.6116 05673309.5622 00000493.9295 -0005373.9368 00004775.2258 02393466.8871 -0013375.6638
> 6113 1
H41 -0732572.7575 04926722.9111 05678082.1633 00000493.8127 -0005378.6349 00004769.9756 02396102.5327 -0013446.8124
> 6114 1
H41 -0732079.0036 04921296.6073 05682849.5120 00000493.6949 -0005383.3279 00004764.7210 02398752.3186 -0013517.7111
> 6115 1
H41 -0731585.3681 04915865.7054 05687611.6038 00000493.5759 -0005388.0159 00004759.4620 02401416.1951 -0013588.3597
> 6116 1
H41 -0731091.8521 04910430.2103 05692368.4345 00000493.4558 -0005392.6988 00004754.1986 02404094.1121 -0013658.7581
> 6117 1
H41 -0730598.4568 04904990.1271 05697119.9995 00000493.3346 -0005397.3766 00004748.9307 02406786.0196 -0013728.9060
> 6118 1
H41 -0730105.1833 04899545.4607 05701866.2945 00000493.2122 -0005402.0494 00004743.6585 02409491.8678 -0013798.8032
> 6119 1
H41 -0729612.0327 04894096.2162 05706607.3151 00000493.0888 -0005406.7171 00004738.3819 02412211.6065 -0013868.4497
> 6120 1
H41 -0729119.0062 04888642.3987 05711343.0569 00000492.9642 -0005411.3797 00004733.1010 02414945.1858 -0013937.8453
> 6121 1
H41 -0728626.1047 04883184.0130 05716073.5155 00000492.8385 -0005416.0372 00004727.8156 02417692.5554 -0014006.9898
> 6122 1
H41 -0728133.3296 04877721.0644 05720798.6866 00000492.7116 -0005420.6896 00004722.5259 02420453.6654 -0014075.8831
> 6123 1
H41 -0727640.6818 04872253.5578 05725518.5658 00000492.5837 -0005425.3370 00004717.2318 02423228.4655 -0014144.5252
> 6124 1
H41 -0727148.1626 04866781.4983 05730233.1487 00000492.4546 -0005429.9792 00004711.9333 02426016.9057 -0014212.9159
> 6125 1
H41 -0726655.7729 04861304.8909 05734942.4309 00000492.3245 -0005434.6163 00004706.6305 02428818.9357 -0014281.0552
> 6126 1
H41 -0726163.5140 04855823.7407 05739646.4082 00000492.1932 -0005439.2483 00004701.3233 02431634.5053 -0014348.9430
> 6127 1
H41 -0725671.3870 04850338.0528 05744345.0760 00000492.0608 -0005443.8752 00004696.0118 02434463.5645 -0014416.5794
> 6128 1
H41 -0725179.3929 04844847.8321 05749038.4302 00000491.9272 -0005448.4970 00004690.6959 02437306.0630 -0014483.9642
> 6129 1
H41 -0724687.5329 04839353.0839 05753726.4664 00000491.7926 -0005453.1136 00004685.3757 02440161.9505 -0014551.0975
> 6130 1
H41 -0724195.8081 04833853.8131 05758409.1801 00000491.6568 -0005457.7251 00004680.0511 02443031.1770 -0014617.9792
> 6131 1
H41 -0723704.2196 04828350.0248 05763086.5672 00000491.5200 -0005462.3315 00004674.7223 02445913.6922 -0014684.6095
> 6132 1
H41 -0723212.7685 04822841.7242 05767758.6232 00000491.3820 -0005466.9328 00004669.3891 02448809.4458 -0014750.9882
> 6133 1
H41 -0722721.4559 04817328.9163 05772425.3439 00000491.2429 -0005471.5289 00004664.0515 02451718.3879 -0014817.1155
> 6134 1
H41 -0722230.2830 04811811.6061 05777086.7249 00000491.1028 -0005476.1198 00004658.7097 02454640.4680 -0014882.9915
> 6135 1
H41 -0721739.2508 04806289.7988 05781742.7619 00000490.9615 -0005480.7056 00004653.3636 02457575.6362 -0014948.6161
> 6136 1
H41 -0721248.3604 04800763.4996 05786393.4506 00000490.8191 -0005485.2863 00004648.0131 02460523.8422 -0015013.9895
> 6137 1
H41 -0720757.6130 04795232.7134 05791038.7867 00000490.6756 -0005489.8617 00004642.6584 02463485.0359 -0015079.1118
> 6138 1
H41 -0720267.0097 04789697.4454 05795678.7659 00000490.5309 -0005494.4321 00004637.2993 02466459.1672 -0015143.9831
> 6139 1
H41 -0719776.5515 04784157.7007 05800313.3839 00000490.3852 -0005498.9972 00004631.9360 02469446.1860 -0015208.6035
> 6140 1
H41 -0719286.2396 04778613.4844 05804942.6365 00000490.2384 -0005503.5572 00004626.5684 02472446.0423 -0015272.9731
> 6141 1
H41 -0718796.0750 04773064.8017 05809566.5193 00000490.0905 -0005508.1120 00004621.1965 02475458.6860 -0015337.0921
> 6142 1
H41 -0718306.0590 04767511.6577 05814185.0281 00000489.9415 -0005512.6616 00004615.8203 02478484.0671 -0015400.9606
> 6143 1
H41 -0717816.1925 04761954.0574 05818798.1585 00000489.7913 -0005517.2060 00004610.4399 02481522.1357 -0015464.5789
> 6144 1
H41 -0717326.4766 04756392.0061 05823405.9064 00000489.6401 -0005521.7453 00004605.0552 02484572.8417 -0015527.9471
> 6145 1
H41 -0716836.9126 04750825.5088 05828008.2675 00000489.4878 -0005526.2793 00004599.6662 02487636.1354 -0015591.0653
> 6146 1
H41 -0716347.5014 04745254.5708 05832605.2375 00000489.3344 -0005530.8082 00004594.2730 02490711.9669 -0015653.9339
> 6147 1
H41 -0715858.2442 04739679.1971 05837196.8121 00000489.1799 -0005535.3318 00004588.8755 02493800.2862 -0015716.5529
> 6148 1
H41 -0715369.1420 04734099.3930 05841782.9871 00000489.0243 -0005539.8502 00004583.4738 02496901.0438 -0015778.9227
> 6149 1
H41 -0714880.1960 04728515.1635 05846363.7584 00000488.8676 -0005544.3634 00004578.0679 02500014.1897 -0015841.0435
> 6150 1
H41 -0714391.4073 04722926.5138 05850939.1215 00000488.7098 -0005548.8714 00004572.6577 02503139.6745 -0015902.9155
> 6151 1
H41 -0713902.7769 04717333.4491 05855509.0723 00000488.5509 -0005553.3742 00004567.2433 02506277.4483 -0015964.5390
> 6152 1
H41 -0713414.3059 04711735.9745 05860073.6066 00000488.3909 -0005557.8718 00004561.8246 02509427.4617 -0016025.9143
> 6153 1
H41 -0712925.9955 04706134.0953 05864632.7202 00000488.2298 -0005562.3641 00004556.4018 02512589.6651 -0016087.0416
> 6154 1
H41 -0712437.8467 04700527.8166 05869186.4088 00000488.0676 -0005566.8512 00004550.9747 02515764.0091 -0016147.9213
> 6155 1
H41 -0711949.8606 04694917.1435 05873734.6682 00000487.9044 -0005571.3330 00004545.5434 02518950.4442 -0016208.5536
> 6156 1
H41 -0711462.0384 04689302.0813 05878277.4942 00000487.7400 -0005575.8096 00004540.1079 02522148.9212 -0016268.9388
> 6157 1
H41 -0710974.3810 04683682.6352 05882814.8826 00000487.5746 -0005580.2809 00004534.6682 02525359.3907 -0016329.0773
> 6158 1
H41 -0710486.8896 04678058.8103 05887346.8293 00000487.4081 -0005584.7470 00004529.2243 02528581.8035 -0016388.9694
> 6159 1
H41 -0709999.5652 04672430.6118 05891873.3299 00000487.2404 -0005589.2079 00004523.7763 02531816.1104 -0016448.6155
> 6160 1
H41 -0709512.4090 04666798.0450 05896394.3804 00000487.0718 -0005593.6635 00004518.3240 02535062.2625 -0016508.0158
> 6161 1
H41 -0709025.4221 04661161.1151 05900909.9765 00000486.9020 -0005598.1138 00004512.8676 02538320.2106 -0016567.1708
> 6162 1
H41 -0708538.6054 04655519.8271 05905420.1141 00000486.7311 -0005602.5588 00004507.4070 02541589.9059 -0016626.0808
> 6163 1
H41 -0708051.9602 04649874.1865 05909924.7890 00000486.5592 -0005606.9986 00004501.9422 02544871.2994 -0016684.7462
> 6164 1
H41 -0707565.4875 04644224.1983 05914423.9971 00000486.3861 -0005611.4331 00004496.4732 02548164.3424 -0016743.1674
> 6165 1
H41 -0707079.1883 04638569.8679 05918917.7341 00000486.2120 -0005615.8623 00004491.0001 02551468.9862 -0016801.3448
> 6166 1
H41 -0706593.0637 04632911.2004 05923405.9959 00000486.0369 -0005620.2862 00004485.5229 02554785.1821 -0016859.2787
> 6167 1
H41 -0706107.1149 04627248.2010 05927888.7784 00000485.8606 -0005624.7048 00004480.0414 02558112.8816 -0016916.9696
> 6168 1
H41 -0705621.3429 04621580.8750 05932366.0774 00000485.6832 -0005629.1181 00004474.5559 02561452.0362 -0016974.4180
> 6169 1
H41 -0705135.7488 04615909.2277 05936837.8888 00000485.5048 -0005633.5262 00004469.0662 02564802.5976 -0017031.6242
> 6170 1
H41 -0704650.3336 04610233.2642 05941304.2084 00000485.3253 -0005637.9289 00004463.5724 02568164.5174 -0017088.5887
> 6171 1
H41 -0704165.0985 04604552.9899 05945765.0322 00000485.1448 -0005642.3263 00004458.0744 02571537.7474 -0017145.3119
> 6172 1
H41 -0703680.0445 04598868.4100 05950220.3559 00000484.9631 -0005646.7184 00004452.5723 02574922.2395 -0017201.7943
> 6173 1
H41 -0703195.1726 04593179.5296 05954670.1755 00000484.7804 -0005651.1052 00004447.0661 02578317.9457 -0017258.0363
> 6174 1
H41 -0702710.4840 04587486.3542 05959114.4868 00000484.5966 -0005655.4867 00004441.5558 02581724.8181 -0017314.0384
> 6175 1
H41 -0702225.9798 04581788.8889 05963553.2857 00000484.4117 -0005659.8628 00004436.0414 02585142.8087 -0017369.8010
> 6176 1
H41 -0701741.6609 04576087.1390 05967986.5682 00000484.2258 -0005664.2336 00004430.5229 02588571.8699 -0017425.3248
> 6177 1
H41 -0701257.5285 04570381.1099 05972414.3301 00000484.0388 -0005668.5991 00004425.0002 02592011.9540 -0017480.6101
> 6178 1
H41 -0700773.5836 04564670.8066 05976836.5673 00000483.8507 -0005672.9592 00004419.4735 02595463.0134 -0017535.6574
> 6179 1
H41 -0700289.8274 04558956.2347 05981253.2758 00000483.6616 -0005677.3140 00004413.9427 02598925.0007 -0017590.4672
> 6180 1
H41 -0699806.2608 04553237.3992 05985664.4514 00000483.4714 -0005681.6634 00004408.4078 02602397.8685 -0017645.0401
> 6181 1
H41 -0699322.8849 04547514.3056 05990070.0901 00000483.2801 -0005686.0075 00004402.8689 02605881.5697 -0017699.3766
> 6182 1
H41 -0698839.7009 04541786.9590 05994470.1878 00000483.0878 -0005690.3463 00004397.3258 02609376.0569 -0017753.4772
> 6183 1
H41 -0698356.7097 04536055.3649 05998864.7404 00000482.8944 -0005694.6796 00004391.7787 02612881.2832 -0017807.3423
> 6184 1
H41 -0697873.9124 04530319.5285 06003253.7439 00000482.6999 -0005699.0077 00004386.2276 02616397.2016 -0017860.9727
> 6185 1
H41 -0697391.3102 04524579.4550 06007637.1941 00000482.5044 -0005703.3303 00004380.6723 02619923.7654 -0017914.3687
> 6186 1
H41 -0696908.9040 04518835.1499 06012015.0872 00000482.3078 -0005707.6476 00004375.1130 02623460.9277 -0017967.5309
> 6187 1
H41 -0696426.6949 04513086.6184 06016387.4189 00000482.1102 -0005711.9595 00004369.5497 02627008.6420 -0018020.4599
> 6188 1
H41 -0695944.6839 04507333.8659 06020754.1852 00000481.9115 -0005716.2660 00004363.9824 02630566.8618 -0018073.1563
> 6189 1
H41 -0695462.8723 04501576.8976 06025115.3822 00000481.7117 -0005720.5671 00004358.4109 02634135.5406 -0018125.6206
> 6190 1
H41 -0694981.2609 04495815.7189 06029471.0058 00000481.5109 -0005724.8629 00004352.8355 02637714.6322 -0018177.8533
> 6191 1
H41 -0694499.8508 04490050.3351 06033821.0519 00000481.3090 -0005729.1532 00004347.2560 02641304.0905 -0018229.8551
> 6192 1
H41 -0694018.6432 04484280.7515 06038165.5166 00000481.1061 -0005733.4381 00004341.6726 02644903.8693 -0018281.6265
> 6193 1
H41 -0693537.6390 04478506.9735 06042504.3957 00000480.9021 -0005737.7177 00004336.0851 02648513.9227 -0018333.1681
> 6194 1
H41 -0693056.8393 04472729.0065 06046837.6853 00000480.6971 -0005741.9918 00004330.4936 02652134.2049 -0018384.4805
> 6195 1
H41 -0692576.2452 04466946.8557 06051165.3815 00000480.4910 -0005746.2606 00004324.8980 02655764.6703 -0018435.5644
> 6196 1
H41 -0692095.8576 04461160.5265 06055487.4801 00000480.2838 -0005750.5239 00004319.2985 02659405.2732 -0018486.4202
> 6197 1
H41 -0691615.6778 04455370.0243 06059803.9772 00000480.0757 -0005754.7818 00004313.6950 02663055.9681 -0018537.0485
> 6198 1
H41 -0691135.7067 04449575.3544 06064114.8688 00000479.8664 -0005759.0343 00004308.0875 02666716.7097 -0018587.4501
> 6199 1
H41 -0690655.9453 04443776.5222 06068420.1508 00000479.6561 -0005763.2813 00004302.4760 02670387.4529 -0018637.6255
> 6200 1
H41 -0690176.3948 04437973.5330 06072719.8194 00000479.4448 -0005767.5229 00004296.8605 02674068.1524 -0018687.5754
> 6201 1
H41 -0689697.0561 04432166.3922 06077013.8706 00000479.2324 -0005771.7591 00004291.2411 02677758.7634 -0018737.3002
> 6202 1
H41 -0689217.9303 04426355.1052 06081302.3003 00000479.0190 -0005775.9899 00004285.6177 02681459.2409 -0018786.8008
> 6203 1
H41 -0688739.0185 04420539.6774 06085585.1046 00000478.8045 -0005780.2152 00004279.9903 02685169.5403 -0018836.0776
> 6204 1
H41 -0688260.3216 04414720.1141 06089862.2796 00000478.5890 -0005784.4350 00004274.3590 02688889.6169 -0018885.1314
> 6205 1
H41 -0687781.8408 04408896.4207 06094133.8213 00000478.3724 -0005788.6494 00004268.7237 02692619.4263 -0018933.9628
> 6206 1
H41 -0687303.5771 04403068.6027 06098399.7257 00000478.1548 -0005792.8584 00004263.0844 02696358.9241 -0018982.5723
> 6207 1
H41 -0686825.5315 04397236.6653 06102659.9888 00000477.9362 -0005797.0618 00004257.4413 02700108.0660 -0019030.9607
> 6208 1
H41 -0686347.7050 04391400.6140 06106914.6069 00000477.7165 -0005801.2599 00004251.7941 02703866.8081 -0019079.1286
> 6209 1
H41 -0685870.0988 04385560.4543 06111163.5758 00000477.4958 -0005805.4524 00004246.1431 02707635.1064 -0019127.0766
> 6210 1
H41 -0685392.7138 04379716.1914 06115406.8917 00000477.2740 -0005809.6395 00004240.4881 02711412.9169 -0019174.8055
> 6211 1
H41 -0684915.5511 04373867.8309 06119644.5507 00000477.0513 -0005813.8211 00004234.8292 02715200.1960 -0019222.3158
> 6212 1
H41 -0684438.6116 04368015.3780 06123876.5488 00000476.8274 -0005817.9972 00004229.1664 02718996.9002 -0019269.6082
> 6213 1
H41 -0683961.8966 04362158.8383 06128102.8822 00000476.6026 -0005822.1679 00004223.4996 02722802.9860 -0019316.6834
> 6214 1
H41 -0683485.4069 04356298.2172 06132323.5468 00000476.3767 -0005826.3330 00004217.8290 02726618.4100 -0019363.5420
> 6215 1
H41 -0683009.1436 04350433.5200 06136538.5389 00000476.1497 -0005830.4927 00004212.1545 02730443.1292 -0019410.1847
> 6216 1
H41 -0682533.1077 04344564.7522 06140747.8544 00000475.9218 -0005834.6469 00004206.4760 02734277.1004 -0019456.6123
> 6217 1
H41 -0682057.3004 04338691.9193 06144951.4896 00000475.6928 -0005838.7955 00004200.7937 02738120.2808 -0019502.8252
> 6218 1
H41 -0681581.7225 04332815.0266 06149149.4405 00000475.4628 -0005842.9387 00004195.1075 02741972.6276 -0019548.8243
> 6219 1
H41 -0681106.3752 04326934.0796 06153341.7033 00000475.2317 -0005847.0764 00004189.4174 02745834.0982 -0019594.6102
> 6220 1
H41 -0680631.2594 04321049.0838 06157528.2740 00000474.9996 -0005851.2085 00004183.7234 02749704.6500 -0019640.1836
> 6221 1
H41 -0680156.3763 04315160.0446 06161709.1488 00000474.7665 -0005855.3351 00004178.0256 02753584.2407 -0019685.5452
> 6222 1
H41 -0679681.7267 04309266.9674 06165884.3238 00000474.5324 -0005859.4562 00004172.3239 02757472.8280 -0019730.6956
> 6223 1
H41 -0679207.3118 04303369.8577 06170053.7952 00000474.2973 -0005863.5718 00004166.6183 02761370.3699 -0019775.6356
> 6224 1
H41 -0678733.1325 04297468.7210 06174217.5591 00000474.0611 -0005867.6819 00004160.9089 02765276.8244 -0019820.3657
> 6225 1
H41 -0678259.1900 04291563.5627 06178375.6117 00000473.8239 -0005871.7864 00004155.1956 02769192.1497 -0019864.8869
> 6226 1
H41 -0677785.4851 04285654.3883 06182527.9490 00000473.5857 -0005875.8854 00004149.4785 02773116.3042 -0019909.1996
> 6227 1
H41 -0677312.0190 04279741.2033 06186674.5674 00000473.3464 -0005879.9788 00004143.7575 02777049.2461 -0019953.3046
> 6228 1
H41 -0676838.7926 04273824.0131 06190815.4628 00000473.1062 -0005884.0667 00004138.0328 02780990.9343 -0019997.2026
> 6229 1
H41 -0676365.8071 04267902.8231 06194950.6316 00000472.8649 -0005888.1491 00004132.3041 02784941.3273 -0020040.8944
> 6230 1
H41 -0675893.0632 04261977.6390 06199080.0699 00000472.6226 -0005892.2259 00004126.5717 02788900.3841 -0020084.3805
> 6231 1
H41 -0675420.5622 04256048.4661 06203203.7738 00000472.3793 -0005896.2971 00004120.8355 02792868.0637 -0020127.6617
> 6232 1
H41 -0674948.3051 04250115.3100 06207321.7395 00000472.1349 -0005900.3628 00004115.0954 02796844.3253 -0020170.7387
> 6233 1
H41 -0674476.2927 04244178.1762 06211433.9633 00000471.8896 -0005904.4229 00004109.3515 02800829.1281 -0020213.6123
> 6234 1
H41 -0674004.5262 04238237.0701 06215540.4413 00000471.6432 -0005908.4775 00004103.6038 02804822.4315 -0020256.2830
> 6235 1
H41 -0673533.0066 04232291.9972 06219641.1697 00000471.3959 -0005912.5264 00004097.8524 02808824.1952 -0020298.7517
> 6236 1
H41 -0673061.7348 04226342.9631 06223736.1448 00000471.1475 -0005916.5699 00004092.0971 02812834.3789 -0020341.0190
