##接收机参考位置（LLH）117.6 38.5 1000
##接收机参考位置（ECEF）-2315948.2867 4430000.4865 3949651.909
##initialTime     168977
##endTime         169551
##obsTimeLength   575
##数据格式：satx saty satz satvx satvy satvz rangeObs dopplerObs
##rangeObs = range + receiverClcError
##dopplerObs = doppler + receiverClcDriftError
##信号类型为:1, 频率为:1520000000赫兹
##均匀采样
##观测卫星个数：1
##end of head
> 168977 1
H41 -4938131.0424 04846614.1434 03029038.0807 00002088.8692 -0001457.2877 00006639.9566 02810156.8746 00022007.0731
> 168978 1
H41 -4936040.0502 04844590.2335 03035676.6352 00002093.1148 -0001462.3302 00006637.1515 02805736.7848 00021968.1106
> 168979 1
H41 -4933944.8137 04842561.5627 03042312.3817 00002097.3577 -0001467.3719 00006634.3404 02801324.7176 00021928.9426
> 168980 1
H41 -4931845.3357 04840528.1322 03048945.3139 00002101.5980 -0001472.4129 00006631.5231 02796920.7154 00021889.5681
> 168981 1
H41 -4929741.6186 04838489.9434 03055575.4257 00002105.8356 -0001477.4531 00006628.6996 02792524.8210 00021849.9863
> 168982 1
H41 -4927633.6652 04836446.9973 03062202.7111 00002110.0707 -0001482.4925 00006625.8701 02788137.0771 00021810.1963
> 168983 1
H41 -4925521.4781 04834399.2955 03068827.1638 00002114.3031 -0001487.5311 00006623.0344 02783757.5269 00021770.1970
> 168984 1
H41 -4923405.0600 04832346.8389 03075448.7777 00002118.5328 -0001492.5690 00006620.1925 02779386.2136 00021729.9877
> 168985 1
H41 -4921284.4133 04830289.6291 03082067.5468 00002122.7600 -0001497.6061 00006617.3446 02775023.1805 00021689.5674
> 168986 1
H41 -4919159.5409 04828227.6671 03088683.4649 00002126.9844 -0001502.6423 00006614.4905 02770668.4713 00021648.9352
> 168987 1
H41 -4917030.4453 04826160.9544 03095296.5258 00002131.2063 -0001507.6778 00006611.6303 02766322.1298 00021608.0901
> 168988 1
H41 -4914897.1293 04824089.4922 03101906.7235 00002135.4254 -0001512.7125 00006608.7640 02761984.1999 00021567.0313
> 168989 1
H41 -4912759.5953 04822013.2817 03108514.0518 00002139.6420 -0001517.7464 00006605.8916 02757654.7257 00021525.7579
> 168990 1
H41 -4910617.8462 04819932.3243 03115118.5046 00002143.8558 -0001522.7794 00006603.0131 02753333.7517 00021484.2688
> 168991 1
H41 -4908471.8846 04817846.6213 03121720.0759 00002148.0670 -0001527.8117 00006600.1284 02749021.3223 00021442.5632
> 168992 1
H41 -4906321.7131 04815756.1740 03128318.7595 00002152.2755 -0001532.8431 00006597.2377 02744717.4823 00021400.6402
> 168993 1
H41 -4904167.3344 04813660.9837 03134914.5492 00002156.4814 -0001537.8737 00006594.3409 02740422.2765 00021358.4989
> 168994 1
H41 -4902008.7512 04811561.0517 03141507.4391 00002160.6846 -0001542.9035 00006591.4379 02736135.7500 00021316.1382
> 168995 1
H41 -4899845.9662 04809456.3792 03148097.4230 00002164.8851 -0001547.9324 00006588.5289 02731857.9481 00021273.5574
> 168996 1
H41 -4897678.9819 04807346.9678 03154684.4948 00002169.0829 -0001552.9605 00006585.6137 02727588.9162 00021230.7555
> 168997 1
H41 -4895507.8013 04805232.8186 03161268.6485 00002173.2780 -0001557.9877 00006582.6925 02723328.7000 00021187.7315
> 168998 1
H41 -4893332.4268 04803113.9330 03167849.8778 00002177.4705 -0001563.0141 00006579.7652 02719077.3454 00021144.4846
> 168999 1
H41 -4891152.8612 04800990.3124 03174428.1768 00002181.6602 -0001568.0396 00006576.8318 02714834.8982 00021101.0138
> 169000 1
H41 -4888969.1072 04798861.9580 03181003.5393 00002185.8473 -0001573.0643 00006573.8923 02710601.4047 00021057.3182
> 169001 1
H41 -4886781.1676 04796728.8713 03187575.9593 00002190.0316 -0001578.0881 00006570.9467 02706376.9113 00021013.3969
> 169002 1
H41 -4884589.0449 04794591.0535 03194145.4308 00002194.2133 -0001583.1110 00006567.9951 02702161.4646 00020969.2490
> 169003 1
H41 -4882392.7419 04792448.5061 03200711.9475 00002198.3922 -0001588.1331 00006565.0374 02697955.1113 00020924.8734
> 169004 1
H41 -4880192.2614 04790301.2304 03207275.5034 00002202.5684 -0001593.1542 00006562.0736 02693757.8983 00020880.2694
> 169005 1
H41 -4877987.6059 04788149.2278 03213836.0926 00002206.7420 -0001598.1745 00006559.1037 02689569.8728 00020835.4360
> 169006 1
H41 -4875778.7783 04785992.4996 03220393.7088 00002210.9128 -0001603.1939 00006556.1278 02685391.0820 00020790.3723
> 169007 1
H41 -4873565.7813 04783831.0472 03226948.3461 00002215.0808 -0001608.2124 00006553.1458 02681221.5736 00020745.0774
> 169008 1
H41 -4871348.6176 04781664.8720 03233499.9983 00002219.2462 -0001613.2299 00006550.1577 02677061.3950 00020699.5502
> 169009 1
H41 -4869127.2899 04779493.9753 03240048.6595 00002223.4088 -0001618.2466 00006547.1636 02672910.5943 00020653.7901
> 169010 1
H41 -4866901.8009 04777318.3587 03246594.3235 00002227.5687 -0001623.2624 00006544.1634 02668769.2194 00020607.7959
> 169011 1
H41 -4864672.1534 04775138.0234 03253136.9843 00002231.7258 -0001628.2772 00006541.1572 02664637.3186 00020561.5668
> 169012 1
H41 -4862438.3502 04772952.9708 03259676.6358 00002235.8802 -0001633.2911 00006538.1449 02660514.9403 00020515.1019
> 169013 1
H41 -4860200.3939 04770763.2024 03266213.2720 00002240.0319 -0001638.3041 00006535.1266 02656402.1330 00020468.4003
> 169014 1
H41 -4857958.2873 04768568.7196 03272746.8869 00002244.1808 -0001643.3161 00006532.1022 02652298.9457 00020421.4611
> 169015 1
H41 -4855712.0331 04766369.5238 03279277.4744 00002248.3270 -0001648.3272 00006529.0718 02648205.4271 00020374.2833
> 169016 1
H41 -4853461.6342 04764165.6164 03285805.0285 00002252.4704 -0001653.3374 00006526.0353 02644121.6266 00020326.8660
> 169017 1
H41 -4851207.0933 04761956.9988 03292329.5431 00002256.6110 -0001658.3466 00006522.9928 02640047.5933 00020279.2085
> 169018 1
H41 -4848948.4131 04759743.6725 03298851.0122 00002260.7489 -0001663.3548 00006519.9443 02635983.3768 00020231.3096
> 169019 1
H41 -4846685.5964 04757525.6388 03305369.4297 00002264.8840 -0001668.3621 00006516.8898 02631929.0268 00020183.1686
> 169020 1
H41 -4844418.6459 04755302.8993 03311884.7897 00002269.0164 -0001673.3685 00006513.8292 02627884.5932 00020134.7846
> 169021 1
H41 -4842147.5645 04753075.4553 03318397.0861 00002273.1460 -0001678.3738 00006510.7626 02623850.1260 00020086.1566
> 169022 1
H41 -4839872.3549 04750843.3083 03324906.3128 00002277.2728 -0001683.3782 00006507.6899 02619825.6754 00020037.2837
> 169023 1
H41 -4837593.0198 04748606.4598 03331412.4639 00002281.3968 -0001688.3816 00006504.6113 02615811.2918 00019988.1651
> 169024 1
H41 -4835309.5622 04746364.9112 03337915.5334 00002285.5180 -0001693.3840 00006501.5266 02611807.0259 00019938.7999
> 169025 1
H41 -4833021.9847 04744118.6640 03344415.5152 00002289.6365 -0001698.3855 00006498.4359 02607812.9284 00019889.1872
> 169026 1
H41 -4830730.2901 04741867.7197 03350912.4033 00002293.7522 -0001703.3859 00006495.3392 02603829.0502 00019839.3260
> 169027 1
H41 -4828434.4813 04739612.0796 03357406.1916 00002297.8650 -0001708.3853 00006492.2365 02599855.4425 00019789.2156
> 169028 1
H41 -4826134.5610 04737351.7453 03363896.8743 00002301.9751 -0001713.3838 00006489.1278 02595892.1565 00019738.8551
> 169029 1
H41 -4823830.5320 04735086.7183 03370384.4453 00002306.0824 -0001718.3812 00006486.0131 02591939.2437 00019688.2435
> 169030 1
H41 -4821522.3972 04732817.0001 03376868.8985 00002310.1868 -0001723.3776 00006482.8924 02587996.7557 00019637.3800
> 169031 1
H41 -4819210.1593 04730542.5921 03383350.2281 00002314.2885 -0001728.3730 00006479.7657 02584064.7444 00019586.2637
> 169032 1
H41 -4816893.8212 04728263.4958 03389828.4279 00002318.3873 -0001733.3673 00006476.6330 02580143.2618 00019534.8939
> 169033 1
H41 -4814573.3856 04725979.7127 03396303.4921 00002322.4833 -0001738.3606 00006473.4943 02576232.3600 00019483.2695
> 169034 1
H41 -4812248.8554 04723691.2444 03402775.4145 00002326.5766 -0001743.3529 00006470.3496 02572332.0913 00019431.3898
> 169035 1
H41 -4809920.2334 04721398.0923 03409244.1893 00002330.6669 -0001748.3442 00006467.1990 02568442.5083 00019379.2539
> 169036 1
H41 -4807587.5225 04719100.2580 03415709.8104 00002334.7545 -0001753.3344 00006464.0423 02564563.6636 00019326.8609
> 169037 1
H41 -4805250.7254 04716797.7430 03422172.2719 00002338.8392 -0001758.3235 00006460.8797 02560695.6101 00019274.2101
> 169038 1
H41 -4802909.8450 04714490.5487 03428631.5678 00002342.9211 -0001763.3116 00006457.7111 02556838.4007 00019221.3005
> 169039 1
H41 -4800564.8841 04712178.6768 03435087.6921 00002347.0002 -0001768.2986 00006454.5365 02552992.0887 00019168.1314
> 169040 1
H41 -4798215.8456 04709862.1287 03441540.6388 00002351.0764 -0001773.2846 00006451.3559 02549156.7274 00019114.7019
> 169041 1
H41 -4795862.7323 04707540.9060 03447990.4020 00002355.1498 -0001778.2695 00006448.1694 02545332.3703 00019061.0112
> 169042 1
H41 -4793505.5470 04705215.0103 03454436.9756 00002359.2203 -0001783.2533 00006444.9769 02541519.0710 00019007.0584
> 169043 1
H41 -4791144.2927 04702884.4430 03460880.3539 00002363.2880 -0001788.2360 00006441.7785 02537716.8834 00018952.8428
> 169044 1
H41 -4788778.9720 04700549.2057 03467320.5306 00002367.3528 -0001793.2177 00006438.5741 02533925.8616 00018898.3636
> 169045 1
H41 -4786409.5881 04698209.3000 03473757.5001 00002371.4147 -0001798.1982 00006435.3637 02530146.0595 00018843.6199
> 169046 1
H41 -4784036.1435 04695864.7275 03480191.2561 00002375.4738 -0001803.1777 00006432.1474 02526377.5316 00018788.6109
> 169047 1
H41 -4781658.6413 04693515.4896 03486621.7929 00002379.5301 -0001808.1560 00006428.9252 02522620.3324 00018733.3359
> 169048 1
H41 -4779277.0843 04691161.5881 03493049.1045 00002383.5834 -0001813.1333 00006425.6970 02518874.5164 00018677.7941
> 169049 1
H41 -4776891.4754 04688803.0244 03499473.1849 00002387.6339 -0001818.1094 00006422.4628 02515140.1384 00018621.9847
> 169050 1
H41 -4774501.8174 04686439.8001 03505894.0281 00002391.6815 -0001823.0844 00006419.2227 02511417.2534 00018565.9068
> 169051 1
H41 -4772108.1133 04684071.9168 03512311.6283 00002395.7263 -0001828.0583 00006415.9767 02507705.9165 00018509.5599
> 169052 1
H41 -4769710.3658 04681699.3761 03518725.9795 00002399.7681 -0001833.0311 00006412.7247 02504006.1828 00018452.9430
> 169053 1
H41 -4767308.5780 04679322.1796 03525137.0758 00002403.8071 -0001838.0027 00006409.4668 02500318.1078 00018396.0555
> 169054 1
H41 -4764902.7526 04676940.3288 03531544.9112 00002407.8432 -0001842.9732 00006406.2030 02496641.7471 00018338.8965
> 169055 1
H41 -4762492.8926 04674553.8255 03537949.4798 00002411.8764 -0001847.9426 00006402.9332 02492977.1562 00018281.4654
> 169056 1
H41 -4760079.0008 04672162.6712 03544350.7757 00002415.9067 -0001852.9108 00006399.6576 02489324.3911 00018223.7615
> 169057 1
H41 -4757661.0802 04669766.8674 03550748.7929 00002419.9341 -0001857.8778 00006396.3760 02485683.5077 00018165.7839
> 169058 1
H41 -4755239.1337 04667366.4159 03557143.5256 00002423.9585 -0001862.8437 00006393.0885 02482054.5621 00018107.5321
> 169059 1
H41 -4752813.1641 04664961.3183 03563534.9679 00002427.9801 -0001867.8084 00006389.7950 02478437.6106 00018049.0052
> 169060 1
H41 -4750383.1744 04662551.5760 03569923.1137 00002431.9988 -0001872.7720 00006386.4957 02474832.7095 00017990.2026
> 169061 1
H41 -4747949.1675 04660137.1909 03576307.9573 00002436.0145 -0001877.7344 00006383.1904 02471239.9154 00017931.1236
> 169062 1
H41 -4745511.1463 04657718.1646 03582689.4927 00002440.0274 -0001882.6956 00006379.8793 02467659.2850 00017871.7676
> 169063 1
H41 -4743069.1137 04655294.4986 03589067.7139 00002444.0373 -0001887.6556 00006376.5622 02464090.8750 00017812.1337
> 169064 1
H41 -4740623.0726 04652866.1946 03595442.6152 00002448.0443 -0001892.6144 00006373.2393 02460534.7425 00017752.2214
> 169065 1
H41 -4738173.0261 04650433.2543 03601814.1906 00002452.0484 -0001897.5721 00006369.9105 02456990.9443 00017692.0301
> 169066 1
H41 -4735718.9769 04647995.6793 03608182.4341 00002456.0495 -0001902.5285 00006366.5757 02453459.5378 00017631.5590
> 169067 1
H41 -4733260.9281 04645553.4713 03614547.3400 00002460.0477 -0001907.4838 00006363.2351 02449940.5802 00017570.8075
> 169068 1
H41 -4730798.8825 04643106.6319 03620908.9024 00002464.0430 -0001912.4378 00006359.8886 02446434.1290 00017509.7751
> 169069 1
H41 -4728332.8431 04640655.1628 03627267.1152 00002468.0353 -0001917.3906 00006356.5362 02442940.2417 00017448.4610
> 169070 1
H41 -4725862.8129 04638199.0657 03633621.9728 00002472.0247 -0001922.3422 00006353.1779 02439458.9761 00017386.8648
> 169071 1
H41 -4723388.7948 04635738.3423 03639973.4691 00002476.0111 -0001927.2926 00006349.8138 02435990.3898 00017324.9857
> 169072 1
H41 -4720910.7917 04633272.9942 03646321.5983 00002479.9946 -0001932.2417 00006346.4437 02432534.5408 00017262.8232
> 169073 1
H41 -4718428.8067 04630803.0231 03652666.3546 00002483.9751 -0001937.1896 00006343.0678 02429091.4872 00017200.3768
> 169074 1
H41 -4715942.8426 04628328.4308 03659007.7320 00002487.9526 -0001942.1363 00006339.6861 02425661.2870 00017137.6458
> 169075 1
H41 -4713452.9024 04625849.2189 03665345.7248 00002491.9272 -0001947.0817 00006336.2984 02422243.9985 00017074.6297
> 169076 1
H41 -4710958.9891 04623365.3891 03671680.3269 00002495.8989 -0001952.0259 00006332.9049 02418839.6801 00017011.3280
> 169077 1
H41 -4708461.1056 04620876.9431 03678011.5327 00002499.8675 -0001956.9688 00006329.5056 02415448.3901 00016947.7401
> 169078 1
H41 -4705959.2550 04618383.8826 03684339.3362 00002503.8332 -0001961.9105 00006326.1004 02412070.1872 00016883.8655
> 169079 1
H41 -4703453.4402 04615886.2094 03690663.7315 00002507.7959 -0001966.8509 00006322.6893 02408705.1300 00016819.7037
> 169080 1
H41 -4700943.6641 04613383.9251 03696984.7129 00002511.7557 -0001971.7900 00006319.2724 02405353.2773 00016755.2543
> 169081 1
H41 -4698429.9298 04610877.0315 03703302.2745 00002515.7124 -0001976.7279 00006315.8497 02402014.6878 00016690.5167
> 169082 1
H41 -4695912.2402 04608365.5303 03709616.4103 00002519.6662 -0001981.6644 00006312.4211 02398689.4205 00016625.4904
> 169083 1
H41 -4693390.5984 04605849.4233 03715927.1147 00002523.6170 -0001986.5997 00006308.9867 02395377.5345 00016560.1751
> 169084 1
H41 -4690865.0072 04603328.7122 03722234.3817 00002527.5648 -0001991.5337 00006305.5464 02392079.0888 00016494.5702
> 169085 1
H41 -4688335.4698 04600803.3987 03728538.2055 00002531.5096 -0001996.4664 00006302.1003 02388794.1426 00016428.6753
> 169086 1
H41 -4685801.9890 04598273.4846 03734838.5804 00002535.4514 -0002001.3978 00006298.6484 02385522.7552 00016362.4901
> 169087 1
H41 -4683264.5680 04595738.9716 03741135.5003 00002539.3902 -0002006.3279 00006295.1906 02382264.9860 00016296.0140
> 169088 1
H41 -4680723.2097 04593199.8615 03747428.9596 00002543.3260 -0002011.2567 00006291.7270 02379020.8943 00016229.2468
> 169089 1
H41 -4678177.9171 04590656.1560 03753718.9525 00002547.2587 -0002016.1842 00006288.2576 02375790.5397 00016162.1880
> 169090 1
H41 -4675628.6933 04588107.8569 03760005.4730 00002551.1885 -0002021.1103 00006284.7824 02372573.9817 00016094.8373
> 169091 1
H41 -4673075.5411 04585554.9661 03766288.5153 00002555.1152 -0002026.0352 00006281.3014 02369371.2799 00016027.1943
> 169092 1
H41 -4670518.4638 04582997.4851 03772568.0738 00002559.0390 -0002030.9587 00006277.8145 02366182.4941 00015959.2587
> 169093 1
H41 -4667957.4642 04580435.4160 03778844.1425 00002562.9597 -0002035.8808 00006274.3219 02363007.6839 00015891.0303
> 169094 1
H41 -4665392.5454 04577868.7603 03785116.7157 00002566.8774 -0002040.8016 00006270.8234 02359846.9092 00015822.5086
> 169095 1
H41 -4662823.7105 04575297.5200 03791385.7875 00002570.7920 -0002045.7211 00006267.3192 02356700.2299 00015753.6933
> 169096 1
H41 -4660250.9624 04572721.6967 03797651.3521 00002574.7036 -0002050.6392 00006263.8091 02353567.7058 00015684.5844
> 169097 1
H41 -4657674.3043 04570141.2924 03803913.4038 00002578.6122 -0002055.5560 00006260.2933 02350449.3970 00015615.1813
> 169098 1
H41 -4655093.7390 04567556.3088 03810171.9368 00002582.5177 -0002060.4714 00006256.7717 02347345.3633 00015545.4840
> 169099 1
H41 -4652509.2698 04564966.7476 03816426.9452 00002586.4202 -0002065.3855 00006253.2442 02344255.6649 00015475.4923
> 169100 1
H41 -4649920.8996 04562372.6109 03822678.4234 00002590.3197 -0002070.2981 00006249.7110 02341180.3618 00015405.2058
> 169101 1
H41 -4647328.6314 04559773.9002 03828926.3654 00002594.2161 -0002075.2094 00006246.1721 02338119.5141 00015334.6244
> 169102 1
H41 -4644732.4684 04557170.6175 03835170.7655 00002598.1095 -0002080.1194 00006242.6273 02335073.1821 00015263.7480
> 169103 1
H41 -4642132.4135 04554562.7646 03841411.6180 00002601.9997 -0002085.0279 00006239.0767 02332041.4257 00015192.5763
> 169104 1
H41 -4639528.4699 04551950.3434 03847648.9171 00002605.8870 -0002089.9350 00006235.5204 02329024.3053 00015121.1093
> 169105 1
H41 -4636920.6406 04549333.3556 03853882.6570 00002609.7712 -0002094.8408 00006231.9584 02326021.8810 00015049.3469
> 169106 1
H41 -4634308.9286 04546711.8031 03860112.8319 00002613.6523 -0002099.7451 00006228.3905 02323034.2131 00014977.2888
> 169107 1
H41 -4631693.3371 04544085.6877 03866339.4361 00002617.5303 -0002104.6480 00006224.8169 02320061.3618 00014904.9351
> 169108 1
H41 -4629073.8690 04541455.0114 03872562.4638 00002621.4053 -0002109.5496 00006221.2375 02317103.3873 00014832.2857
> 169109 1
H41 -4626450.5276 04538819.7758 03878781.9092 00002625.2772 -0002114.4497 00006217.6524 02314160.3499 00014759.3405
> 169110 1
H41 -4623823.3157 04536179.9830 03884997.7667 00002629.1460 -0002119.3484 00006214.0615 02311232.3098 00014686.0995
> 169111 1
H41 -4621192.2367 04533535.6348 03891210.0304 00002633.0117 -0002124.2456 00006210.4649 02308319.3273 00014612.5627
> 169112 1
H41 -4618557.2934 04530886.7330 03897418.6946 00002636.8743 -0002129.1415 00006206.8626 02305421.4626 00014538.7301
> 169113 1
H41 -4615918.4890 04528233.2795 03903623.7536 00002640.7339 -0002134.0359 00006203.2545 02302538.7759 00014464.6018
> 169114 1
H41 -4613275.8266 04525575.2762 03909825.2016 00002644.5903 -0002138.9288 00006199.6406 02299671.3275 00014390.1777
> 169115 1
H41 -4610629.3094 04522912.7250 03916023.0329 00002648.4437 -0002143.8203 00006196.0210 02296819.1775 00014315.4580
> 169116 1
H41 -4607978.9402 04520245.6277 03922217.2418 00002652.2940 -0002148.7104 00006192.3957 02293982.3860 00014240.4427
> 169117 1
H41 -4605324.7224 04517573.9863 03928407.8225 00002656.1411 -0002153.5990 00006188.7647 02291161.0133 00014165.1320
> 169118 1
H41 -4602666.6590 04514897.8027 03934594.7693 00002659.9852 -0002158.4861 00006185.1279 02288355.1195 00014089.5259
> 169119 1
H41 -4600004.7531 04512217.0787 03940778.0764 00002663.8262 -0002163.3718 00006181.4854 02285564.7645 00014013.6247
> 169120 1
H41 -4597339.0077 04509531.8162 03946957.7382 00002667.6640 -0002168.2560 00006177.8372 02282790.0084 00013937.4285
> 169121 1
H41 -4594669.4261 04506842.0172 03953133.7490 00002671.4987 -0002173.1387 00006174.1833 02280030.9113 00013860.9375
> 169122 1
H41 -4591996.0113 04504147.6836 03959306.1030 00002675.3303 -0002178.0199 00006170.5237 02277287.5329 00013784.1519
> 169123 1
H41 -4589318.7665 04501448.8172 03965474.7945 00002679.1588 -0002182.8997 00006166.8584 02274559.9333 00013707.0719
> 169124 1
H41 -4586637.6948 04498745.4201 03971639.8178 00002682.9842 -0002187.7780 00006163.1873 02271848.1722 00013629.6979
> 169125 1
H41 -4583952.7992 04496037.4942 03977801.1672 00002686.8064 -0002192.6547 00006159.5106 02269152.3094 00013552.0301
> 169126 1
H41 -4581264.0830 04493325.0413 03983958.8371 00002690.6255 -0002197.5300 00006155.8281 02266472.4046 00013474.0687
> 169127 1
H41 -4578571.5493 04490608.0634 03990112.8216 00002694.4415 -0002202.4038 00006152.1400 02263808.5173 00013395.8142
> 169128 1
H41 -4575875.2012 04487886.5625 03996263.1152 00002698.2543 -0002207.2760 00006148.4462 02261160.7072 00013317.2668
> 169129 1
H41 -4573175.0418 04485160.5406 04002409.7121 00002702.0640 -0002212.1467 00006144.7467 02258529.0336 00013238.4270
> 169130 1
H41 -4570471.0743 04482429.9994 04008552.6066 00002705.8705 -0002217.0159 00006141.0415 02255913.5560 00013159.2951
> 169131 1
H41 -4567763.3018 04479694.9411 04014691.7931 00002709.6739 -0002221.8836 00006137.3306 02253314.3336 00013079.8716
> 169132 1
H41 -4565051.7275 04476955.3676 04020827.2659 00002713.4741 -0002226.7498 00006133.6140 02250731.4257 00013000.1568
> 169133 1
H41 -4562336.3546 04474211.2808 04026959.0193 00002717.2712 -0002231.6144 00006129.8918 02248164.8912 00012920.1513
> 169134 1
H41 -4559617.1861 04471462.6827 04033087.0476 00002721.0652 -0002236.4775 00006126.1639 02245614.7892 00012839.8556
> 169135 1
H41 -4556894.2253 04468709.5753 04039211.3452 00002724.8559 -0002241.3390 00006122.4303 02243081.1786 00012759.2701
> 169136 1
H41 -4554167.4753 04465951.9606 04045331.9064 00002728.6435 -0002246.1990 00006118.6911 02240564.1180 00012678.3954
> 169137 1
H41 -4551436.9393 04463189.8405 04051448.7256 00002732.4280 -0002251.0574 00006114.9462 02238063.6661 00012597.2320
> 169138 1
H41 -4548702.6204 04460423.2171 04057561.7970 00002736.2093 -0002255.9142 00006111.1957 02235579.8815 00012515.7806
> 169139 1
H41 -4545964.5218 04457652.0923 04063671.1151 00002739.9874 -0002260.7695 00006107.4395 02233112.8225 00012434.0417
> 169140 1
H41 -4543222.6467 04454876.4681 04069776.6741 00002743.7623 -0002265.6232 00006103.6776 02230662.5473 00012352.0161
> 169141 1
H41 -4540476.9983 04452096.3466 04075878.4685 00002747.5340 -0002270.4754 00006099.9101 02228229.1140 00012269.7042
> 169142 1
H41 -4537727.5797 04449311.7297 04081976.4925 00002751.3026 -0002275.3259 00006096.1370 02225812.5807 00012187.1069
> 169143 1
H41 -4534974.3942 04446522.6194 04088070.7406 00002755.0680 -0002280.1749 00006092.3582 02223413.0050 00012104.2249
> 169144 1
H41 -4532217.4448 04443729.0178 04094161.2071 00002758.8302 -0002285.0223 00006088.5738 02221030.4446 00012021.0588
> 169145 1
H41 -4529456.7349 04440930.9269 04100247.8864 00002762.5891 -0002289.8681 00006084.7838 02218664.9571 00011937.6095
> 169146 1
H41 -4526692.2676 04438128.3487 04106330.7728 00002766.3449 -0002294.7122 00006080.9881 02216316.5997 00011853.8777
> 169147 1
H41 -4523924.0461 04435321.2853 04112409.8607 00002770.0975 -0002299.5548 00006077.1868 02213985.4295 00011769.8642
> 169148 1
H41 -4521152.0736 04432509.7386 04118485.1445 00002773.8469 -0002304.3958 00006073.3799 02211671.5036 00011685.5700
> 169149 1
H41 -4518376.3533 04429693.7108 04124556.6186 00002777.5931 -0002309.2351 00006069.5674 02209374.8787 00011600.9957
> 169150 1
H41 -4515596.8884 04426873.2038 04130624.2773 00002781.3361 -0002314.0728 00006065.7492 02207095.6114 00011516.1425
> 169151 1
H41 -4512813.6821 04424048.2197 04136688.1151 00002785.0759 -0002318.9089 00006061.9254 02204833.7582 00011431.0110
> 169152 1
H41 -4510026.7376 04421218.7605 04142748.1263 00002788.8125 -0002323.7434 00006058.0961 02202589.3751 00011345.6025
> 169153 1
H41 -4507236.0582 04418384.8284 04148804.3054 00002792.5458 -0002328.5762 00006054.2611 02200362.5183 00011259.9176
> 169154 1
H41 -4504441.6471 04415546.4254 04154856.6467 00002796.2759 -0002333.4074 00006050.4205 02198153.2434 00011173.9576
> 169155 1
H41 -4501643.5074 04412703.5535 04160905.1446 00002800.0028 -0002338.2370 00006046.5743 02195961.6061 00011087.7234
> 169156 1
H41 -4498841.6425 04409856.2148 04166949.7935 00002803.7265 -0002343.0648 00006042.7226 02193787.6617 00011001.2161
> 169157 1
H41 -4496036.0555 04407004.4114 04172990.5879 00002807.4470 -0002347.8911 00006038.8652 02191631.4654 00010914.4367
> 169158 1
H41 -4493226.7496 04404148.1454 04179027.5221 00002811.1642 -0002352.7156 00006035.0023 02189493.0720 00010827.3864
> 169159 1
H41 -4490413.7282 04401287.4189 04185060.5906 00002814.8781 -0002357.5385 00006031.1338 02187372.5361 00010740.0662
> 169160 1
H41 -4487596.9944 04398422.2338 04191089.7878 00002818.5889 -0002362.3598 00006027.2597 02185269.9123 00010652.4775
> 169161 1
H41 -4484776.5515 04395552.5925 04197115.1081 00002822.2964 -0002367.1793 00006023.3800 02183185.2545 00010564.6212
> 169162 1
H41 -4481952.4028 04392678.4968 04203136.5459 00002826.0006 -0002371.9972 00006019.4947 02181118.6168 00010476.4988
> 169163 1
H41 -4479124.5514 04389799.9491 04209154.0957 00002829.7016 -0002376.8134 00006015.6039 02179070.0528 00010388.1114
> 169164 1
H41 -4476293.0006 04386916.9512 04215167.7519 00002833.3994 -0002381.6279 00006011.7075 02177039.6158 00010299.4603
> 169165 1
H41 -4473457.7537 04384029.5054 04221177.5089 00002837.0939 -0002386.4407 00006007.8056 02175027.3590 00010210.5467
> 169166 1
H41 -4470618.8140 04381137.6139 04227183.3612 00002840.7851 -0002391.2518 00006003.8981 02173033.3352 00010121.3721
> 169167 1
H41 -4467776.1846 04378241.2786 04233185.3032 00002844.4731 -0002396.0611 00005999.9850 02171057.5969 00010031.9378
> 169168 1
H41 -4464929.8689 04375340.5017 04239183.3294 00002848.1578 -0002400.8688 00005996.0664 02169100.1963 00009942.2452
> 169169 1
H41 -4462079.8701 04372435.2854 04245177.4343 00002851.8392 -0002405.6748 00005992.1423 02167161.1855 00009852.2957
> 169170 1
H41 -4459226.1916 04369525.6318 04251167.6122 00002855.5174 -0002410.4790 00005988.2126 02165240.6161 00009762.0907
> 169171 1
H41 -4456368.8364 04366611.5430 04257153.8576 00002859.1923 -0002415.2815 00005984.2774 02163338.5394 00009671.6317
> 169172 1
H41 -4453507.8080 04363693.0211 04263136.1651 00002862.8639 -0002420.0823 00005980.3366 02161455.0065 00009580.9203
> 169173 1
H41 -4450643.1097 04360770.0685 04269114.5290 00002866.5323 -0002424.8814 00005976.3903 02159590.0681 00009489.9578
> 169174 1
H41 -4447774.7446 04357842.6870 04275088.9438 00002870.1973 -0002429.6787 00005972.4385 02157743.7746 00009398.7460
> 169175 1
H41 -4444902.7161 04354910.8791 04281059.4040 00002873.8591 -0002434.4742 00005968.4811 02155916.1761 00009307.2864
> 169176 1
H41 -4442027.0274 04351974.6467 04287025.9042 00002877.5176 -0002439.2680 00005964.5182 02154107.3222 00009215.5805
> 169177 1
H41 -4439147.6819 04349033.9921 04292988.4387 00002881.1728 -0002444.0601 00005960.5498 02152317.2624 00009123.6301
> 169178 1
H41 -4436264.6829 04346088.9174 04298947.0020 00002884.8247 -0002448.8503 00005956.5759 02150546.0457 00009031.4368
> 169179 1
H41 -4433378.0336 04343139.4248 04304901.5887 00002888.4733 -0002453.6389 00005952.5965 02148793.7208 00008939.0023
> 169180 1
H41 -4430487.7374 04340185.5165 04310852.1932 00002892.1186 -0002458.4256 00005948.6116 02147060.3361 00008846.3283
> 169181 1
H41 -4427593.7975 04337227.1947 04316798.8101 00002895.7606 -0002463.2106 00005944.6212 02145345.9394 00008753.4166
> 169182 1
H41 -4424696.2172 04334264.4616 04322741.4337 00002899.3993 -0002467.9938 00005940.6253 02143650.5785 00008660.2690
> 169183 1
H41 -4421794.9999 04331297.3193 04328680.0587 00002903.0347 -0002472.7752 00005936.6238 02141974.3005 00008566.8872
> 169184 1
H41 -4418890.1489 04328325.7701 04334614.6796 00002906.6668 -0002477.5548 00005932.6169 02140317.1523 00008473.2732
> 169185 1
H41 -4415981.6674 04325349.8162 04340545.2908 00002910.2955 -0002482.3326 00005928.6045 02138679.1803 00008379.4288
> 169186 1
H41 -4413069.5589 04322369.4597 04346471.8868 00002913.9210 -0002487.1086 00005924.5866 02137060.4305 00008285.3558
> 169187 1
H41 -4410153.8266 04319384.7029 04352394.4622 00002917.5431 -0002491.8828 00005920.5633 02135460.9488 00008191.0562
> 169188 1
H41 -4407234.4738 04316395.5480 04358313.0115 00002921.1619 -0002496.6552 00005916.5344 02133880.7802 00008096.5320
> 169189 1
H41 -4404311.5039 04313401.9973 04364227.5293 00002924.7774 -0002501.4258 00005912.5001 02132319.9697 00008001.7851
> 169190 1
H41 -4401384.9202 04310404.0529 04370138.0100 00002928.3895 -0002506.1946 00005908.4603 02130778.5617 00007906.8175
> 169191 1
H41 -4398454.7260 04307401.7170 04376044.4481 00002931.9983 -0002510.9615 00005904.4151 02129256.6002 00007811.6312
> 169192 1
H41 -4395520.9247 04304394.9920 04381946.8383 00002935.6038 -0002515.7266 00005900.3644 02127754.1288 00007716.2284
> 169193 1
H41 -4392583.5196 04301383.8800 04387845.1751 00002939.2059 -0002520.4899 00005896.3082 02126271.1907 00007620.6111
> 169194 1
H41 -4389642.5141 04298368.3833 04393739.4530 00002942.8047 -0002525.2513 00005892.2466 02124807.8285 00007524.7815
> 169195 1
H41 -4386697.9114 04295348.5042 04399629.6665 00002946.4001 -0002530.0109 00005888.1795 02123364.0846 00007428.7415
> 169196 1
H41 -4383749.7150 04292324.2449 04405515.8102 00002949.9922 -0002534.7686 00005884.1070 02121940.0008 00007332.4935
> 169197 1
H41 -4380797.9282 04289295.6076 04411397.8787 00002953.5809 -0002539.5245 00005880.0290 02120535.6184 00007236.0396
> 169198 1
H41 -4377842.5543 04286262.5946 04417275.8665 00002957.1663 -0002544.2785 00005875.9456 02119150.9785 00007139.3821
> 169199 1
H41 -4374883.5967 04283225.2083 04423149.7681 00002960.7483 -0002549.0307 00005871.8568 02117786.1213 00007042.5231
> 169200 1
H41 -4371921.0587 04280183.4508 04429019.5783 00002964.3270 -0002553.7810 00005867.7625 02116441.0870 00006945.4650
> 169201 1
H41 -4368954.9438 04277137.3244 04434885.2914 00002967.9023 -0002558.5294 00005863.6628 02115115.9150 00006848.2101
> 169202 1
H41 -4365985.2553 04274086.8314 04440746.9022 00002971.4742 -0002563.2759 00005859.5577 02113810.6444 00006750.7606
> 169203 1
H41 -4363011.9965 04271031.9741 04446604.4051 00002975.0428 -0002568.0205 00005855.4472 02112525.3137 00006653.1189
> 169204 1
H41 -4360035.1709 04267972.7548 04452457.7947 00002978.6080 -0002572.7633 00005851.3312 02111259.9609 00006555.2875
> 169205 1
H41 -4357054.7817 04264909.1758 04458307.0657 00002982.1698 -0002577.5042 00005847.2099 02110014.6237 00006457.2686
> 169206 1
H41 -4354070.8324 04261841.2394 04464152.2126 00002985.7282 -0002582.2431 00005843.0831 02108789.3390 00006359.0648
> 169207 1
H41 -4351083.3264 04258768.9478 04469993.2301 00002989.2833 -0002586.9802 00005838.9509 02107584.1435 00006260.6785
> 169208 1
H41 -4348092.2670 04255692.3034 04475830.1126 00002992.8350 -0002591.7153 00005834.8133 02106399.0731 00006162.1121
> 169209 1
H41 -4345097.6576 04252611.3086 04481662.8549 00002996.3832 -0002596.4485 00005830.6703 02105234.1635 00006063.3681
> 169210 1
H41 -4342099.5016 04249525.9655 04487491.4515 00002999.9281 -0002601.1798 00005826.5220 02104089.4495 00005964.4491
> 169211 1
H41 -4339097.8025 04246436.2766 04493315.8970 00003003.4696 -0002605.9092 00005822.3682 02102964.9658 00005865.3576
> 169212 1
H41 -4336092.5635 04243342.2441 04499136.1861 00003007.0077 -0002610.6367 00005818.2090 02101860.7462 00005766.0962
> 169213 1
H41 -4333083.7881 04240243.8705 04504952.3133 00003010.5425 -0002615.3622 00005814.0445 02100776.8242 00005666.6675
> 169214 1
H41 -4330071.4797 04237141.1579 04510764.2733 00003014.0738 -0002620.0858 00005809.8746 02099713.2326 00005567.0740
> 169215 1
H41 -4327055.6417 04234034.1088 04516572.0607 00003017.6017 -0002624.8074 00005805.6993 02098670.0038 00005467.3185
> 169216 1
H41 -4324036.2775 04230922.7256 04522375.6701 00003021.1262 -0002629.5271 00005801.5187 02097647.1696 00005367.4036
> 169217 1
H41 -4321013.3905 04227807.0104 04528175.0962 00003024.6472 -0002634.2448 00005797.3326 02096644.7612 00005267.3319
> 169218 1
H41 -4317986.9842 04224686.9658 04533970.3336 00003028.1649 -0002638.9606 00005793.1412 02095662.8093 00005167.1062
> 169219 1
H41 -4314957.0619 04221562.5941 04539761.3769 00003031.6792 -0002643.6744 00005788.9445 02094701.3440 00005066.7292
> 169220 1
H41 -4311923.6270 04218433.8975 04545548.2208 00003035.1900 -0002648.3863 00005784.7424 02093760.3948 00004966.2036
> 169221 1
H41 -4308886.6830 04215300.8786 04551330.8600 00003038.6974 -0002653.0961 00005780.5350 02092839.9909 00004865.5322
> 169222 1
H41 -4305846.2333 04212163.5396 04557109.2890 00003042.2014 -0002657.8040 00005776.3222 02091940.1604 00004764.7179
> 169223 1
H41 -4302802.2814 04209021.8829 04562883.5025 00003045.7020 -0002662.5099 00005772.1040 02091060.9314 00004663.7633
> 169224 1
H41 -4299754.8305 04205875.9110 04568653.4952 00003049.1991 -0002667.2138 00005767.8805 02090202.3310 00004562.6713
> 169225 1
H41 -4296703.8843 04202725.6262 04574419.2618 00003052.6928 -0002671.9157 00005763.6517 02089364.3859 00004461.4448
> 169226 1
H41 -4293649.4461 04199571.0308 04580180.7969 00003056.1830 -0002676.6157 00005759.4176 02088547.1222 00004360.0867
> 169227 1
H41 -4290591.5194 04196412.1273 04585938.0951 00003059.6699 -0002681.3136 00005755.1781 02087750.5654 00004258.5998
> 169228 1
H41 -4287530.1075 04193248.9181 04591691.1513 00003063.1533 -0002686.0095 00005750.9333 02086974.7403 00004156.9869
> 169229 1
H41 -4284465.2140 04190081.4056 04597439.9600 00003066.6332 -0002690.7034 00005746.6832 02086219.6712 00004055.2512
> 169230 1
H41 -4281396.8423 04186909.5921 04603184.5159 00003070.1097 -0002695.3953 00005742.4277 02085485.3818 00003953.3954
> 169231 1
H41 -4278324.9958 04183733.4801 04608924.8137 00003073.5827 -0002700.0851 00005738.1670 02084771.8953 00003851.4225
> 169232 1
H41 -4275249.6780 04180553.0720 04614660.8481 00003077.0523 -0002704.7730 00005733.9009 02084079.2339 00003749.3356
> 169233 1
H41 -4272170.8924 04177368.3703 04620392.6138 00003080.5184 -0002709.4588 00005729.6296 02083407.4197 00003647.1375
> 169234 1
H41 -4269088.6423 04174179.3773 04626120.1055 00003083.9811 -0002714.1425 00005725.3529 02082756.4738 00003544.8313
> 169235 1
H41 -4266002.9314 04170986.0955 04631843.3179 00003087.4403 -0002718.8243 00005721.0710 02082126.4168 00003442.4200
> 169236 1
H41 -4262913.7629 04167788.5273 04637562.2457 00003090.8960 -0002723.5039 00005716.7837 02081517.2687 00003339.9067
> 169237 1
H41 -4259821.1404 04164586.6751 04643276.8836 00003094.3483 -0002728.1816 00005712.4912 02080929.0489 00003237.2944
> 169238 1
H41 -4256725.0674 04161380.5414 04648987.2263 00003097.7971 -0002732.8571 00005708.1934 02080361.7761 00003134.5861
> 169239 1
H41 -4253625.5474 04158170.1286 04654693.2686 00003101.2424 -0002737.5306 00005703.8903 02079815.4684 00003031.7850
> 169240 1
H41 -4250522.5837 04154955.4392 04660395.0051 00003104.6843 -0002742.2021 00005699.5819 02079290.1432 00002928.8940
> 169241 1
H41 -4247416.1799 04151736.4757 04666092.4307 00003108.1227 -0002746.8714 00005695.2683 02078785.8175 00002825.9165
> 169242 1
H41 -4244306.3395 04148513.2405 04671785.5399 00003111.5576 -0002751.5387 00005690.9493 02078302.5073 00002722.8553
> 169243 1
H41 -4241193.0660 04145285.7360 04677474.3276 00003114.9890 -0002756.2039 00005686.6252 02077840.2282 00002619.7137
> 169244 1
H41 -4238076.3627 04142053.9647 04683158.7885 00003118.4169 -0002760.8670 00005682.2957 02077398.9951 00002516.4949
> 169245 1
H41 -4234956.2333 04138817.9291 04688838.9173 00003121.8413 -0002765.5281 00005677.9610 02076978.8223 00002413.2018
> 169246 1
H41 -4231832.6812 04135577.6317 04694514.7088 00003125.2623 -0002770.1870 00005673.6211 02076579.7234 00002309.8379
> 169247 1
H41 -4228705.7099 04132333.0750 04700186.1577 00003128.6797 -0002774.8438 00005669.2759 02076201.7112 00002206.4061
> 169248 1
H41 -4225575.3229 04129084.2614 04705853.2588 00003132.0937 -0002779.4985 00005664.9254 02075844.7982 00002102.9096
> 169249 1
H41 -4222441.5238 04125831.1934 04711516.0068 00003135.5041 -0002784.1512 00005660.5698 02075508.9959 00001999.3518
> 169250 1
H41 -4219304.3159 04122573.8736 04717174.3965 00003138.9111 -0002788.8017 00005656.2088 02075194.3154 00001895.7356
> 169251 1
H41 -4216163.7028 04119312.3044 04722828.4227 00003142.3145 -0002793.4500 00005651.8427 02074900.7669 00001792.0645
> 169252 1
H41 -4213019.6881 04116046.4883 04728478.0802 00003145.7144 -0002798.0963 00005647.4713 02074628.3601 00001688.3415
> 169253 1
H41 -4209872.2752 04112776.4279 04734123.3636 00003149.1108 -0002802.7404 00005643.0947 02074377.1041 00001584.5700
> 169254 1
H41 -4206721.4676 04109502.1256 04739764.2678 00003152.5037 -0002807.3824 00005638.7129 02074147.0071 00001480.7531
> 169255 1
H41 -4203567.2689 04106223.5839 04745400.7876 00003155.8931 -0002812.0223 00005634.3258 02073938.0769 00001376.8940
> 169256 1
H41 -4200409.6826 04102940.8055 04751032.9178 00003159.2790 -0002816.6600 00005629.9336 02073750.3205 00001272.9961
> 169257 1
H41 -4197248.7122 04099653.7928 04756660.6531 00003162.6613 -0002821.2955 00005625.5361 02073583.7441 00001169.0625
> 169258 1
H41 -4194084.3612 04096362.5483 04762283.9883 00003166.0401 -0002825.9289 00005621.1335 02073438.3536 00001065.0966
> 169259 1
H41 -4190916.6331 04093067.0746 04767902.9183 00003169.4154 -0002830.5602 00005616.7256 02073314.1539 00000961.1015
> 169260 1
H41 -4187745.5316 04089767.3742 04773517.4378 00003172.7871 -0002835.1892 00005612.3126 02073211.1493 00000857.0805
> 169261 1
H41 -4184571.0600 04086463.4496 04779127.5417 00003176.1554 -0002839.8161 00005607.8943 02073129.3436 00000753.0369
> 169262 1
H41 -4181393.2220 04083155.3035 04784733.2247 00003179.5200 -0002844.4409 00005603.4709 02073068.7397 00000648.9740
> 169263 1
H41 -4178212.0211 04079842.9383 04790334.4817 00003182.8812 -0002849.0634 00005599.0422 02073029.3399 00000544.8950
> 169264 1
H41 -4175027.4608 04076526.3566 04795931.3074 00003186.2388 -0002853.6838 00005594.6084 02073011.1460 00000440.8032
> 169265 1
H41 -4171839.5447 04073205.5610 04801523.6968 00003189.5928 -0002858.3020 00005590.1695 02073014.1589 00000336.7019
> 169266 1
H41 -4168648.2764 04069880.5541 04807111.6447 00003192.9433 -0002862.9180 00005585.7253 02073038.3789 00000232.5943
> 169267 1
H41 -4165453.6593 04066551.3383 04812695.1458 00003196.2903 -0002867.5318 00005581.2760 02073083.8057 00000128.4837
> 169268 1
H41 -4162255.6970 04063217.9164 04818274.1950 00003199.6337 -0002872.1434 00005576.8215 02073150.4383 00000024.3735
> 169269 1
H41 -4159054.3931 04059880.2908 04823848.7871 00003202.9735 -0002876.7528 00005572.3619 02073238.2750 -0000079.7332
> 169270 1
H41 -4155849.7511 04056538.4641 04829418.9171 00003206.3098 -0002881.3599 00005567.8971 02073347.3134 -0000183.8331
> 169271 1
H41 -4152641.7746 04053192.4390 04834984.5796 00003209.6426 -0002885.9649 00005563.4272 02073477.5504 -0000287.9229
> 169272 1
H41 -4149430.4672 04049842.2180 04840545.7697 00003212.9717 -0002890.5676 00005558.9521 02073628.9825 -0000391.9993
> 169273 1
H41 -4146215.8324 04046487.8037 04846102.4821 00003216.2973 -0002895.1681 00005554.4719 02073801.6052 -0000496.0590
> 169274 1
H41 -4142997.8737 04043129.1987 04851654.7117 00003219.6193 -0002899.7664 00005549.9865 02073995.4134 -0000600.0989
> 169275 1
H41 -4139776.5949 04039766.4056 04857202.4534 00003222.9378 -0002904.3624 00005545.4960 02074210.4015 -0000704.1156
> 169276 1
H41 -4136551.9993 04036399.4271 04862745.7020 00003226.2527 -0002908.9562 00005541.0004 02074446.5631 -0000808.1058
> 169277 1
H41 -4133324.0907 04033028.2657 04868284.4524 00003229.5640 -0002913.5478 00005536.4996 02074703.8911 -0000912.0664
> 169278 1
H41 -4130092.8726 04029652.9241 04873818.6995 00003232.8717 -0002918.1371 00005531.9937 02074982.3779 -0001015.9941
> 169279 1
H41 -4126858.3485 04026273.4048 04879348.4382 00003236.1758 -0002922.7241 00005527.4827 02075282.0151 -0001119.8857
> 169280 1
H41 -4123620.5221 04022889.7106 04884873.6633 00003239.4764 -0002927.3089 00005522.9666 02075602.7936 -0001223.7378
> 169281 1
H41 -4120379.3969 04019501.8440 04890394.3698 00003242.7734 -0002931.8914 00005518.4454 02075944.7037 -0001327.5474
> 169282 1
H41 -4117134.9766 04016109.8077 04895910.5525 00003246.0667 -0002936.4716 00005513.9191 02076307.7352 -0001431.3111
> 169283 1
H41 -4113887.2647 04012713.6043 04901422.2063 00003249.3565 -0002941.0496 00005509.3877 02076691.8770 -0001535.0258
> 169284 1
H41 -4110636.2648 04009313.2365 04906929.3261 00003252.6427 -0002945.6253 00005504.8512 02077097.1174 -0001638.6882
> 169285 1
H41 -4107381.9805 04005908.7068 04912431.9069 00003255.9253 -0002950.1987 00005500.3096 02077523.4442 -0001742.2952
> 169286 1
H41 -4104124.4154 04002500.0180 04917929.9435 00003259.2043 -0002954.7698 00005495.7629 02077970.8443 -0001845.8436
> 169287 1
H41 -4100863.5731 03999087.1728 04923423.4309 00003262.4797 -0002959.3386 00005491.2111 02078439.3041 -0001949.3301
> 169288 1
H41 -4097599.4572 03995670.1737 04928912.3640 00003265.7514 -0002963.9052 00005486.6542 02078928.8094 -0002052.7517
> 169289 1
H41 -4094332.0714 03992249.0234 04934396.7377 00003269.0196 -0002968.4694 00005482.0923 02079439.3452 -0002156.1052
> 169290 1
H41 -4091061.4192 03988823.7247 04939876.5469 00003272.2842 -0002973.0313 00005477.5253 02079970.8960 -0002259.3873
> 169291 1
H41 -4087787.5043 03985394.2801 04945351.7865 00003275.5451 -0002977.5909 00005472.9532 02080523.4457 -0002362.5951
> 169292 1
H41 -4084510.3302 03981960.6925 04950822.4516 00003278.8024 -0002982.1482 00005468.3761 02081096.9772 -0002465.7253
> 169293 1
H41 -4081229.9006 03978522.9643 04956288.5370 00003282.0561 -0002986.7031 00005463.7939 02081691.4733 -0002568.7749
> 169294 1
H41 -4077946.2191 03975081.0984 04961750.0376 00003285.3062 -0002991.2557 00005459.2066 02082306.9157 -0002671.7408
> 169295 1
H41 -4074659.2893 03971635.0974 04967206.9485 00003288.5527 -0002995.8060 00005454.6143 02082943.2858 -0002774.6198
> 169296 1
H41 -4071369.1149 03968184.9641 04972659.2646 00003291.7955 -0003000.3540 00005450.0170 02083600.5641 -0002877.4089
> 169297 1
H41 -4068075.6995 03964730.7010 04978106.9808 00003295.0347 -0003004.8996 00005445.4146 02084278.7307 -0002980.1050
> 169298 1
H41 -4064779.0467 03961272.3110 04983550.0921 00003298.2703 -0003009.4429 00005440.8072 02084977.7649 -0003082.7052
> 169299 1
H41 -4061479.1601 03957809.7968 04988988.5934 00003301.5022 -0003013.9838 00005436.1947 02085697.6456 -0003185.2063
> 169300 1
H41 -4058176.0434 03954343.1609 04994422.4798 00003304.7305 -0003018.5223 00005431.5772 02086438.3508 -0003287.6054
> 169301 1
H41 -4054869.7003 03950872.4063 04999851.7462 00003307.9552 -0003023.0585 00005426.9547 02087199.8582 -0003389.8994
> 169302 1
H41 -4051560.1343 03947397.5355 05005276.3876 00003311.1762 -0003027.5924 00005422.3272 02087982.1445 -0003492.0854
> 169303 1
H41 -4048247.3491 03943918.5514 05010696.3989 00003314.3936 -0003032.1238 00005417.6946 02088785.1862 -0003594.1605
> 169304 1
H41 -4044931.3483 03940435.4566 05016111.7752 00003317.6073 -0003036.6529 00005413.0571 02089608.9590 -0003696.1216
> 169305 1
H41 -4041612.1357 03936948.2538 05021522.5114 00003320.8174 -0003041.1796 00005408.4145 02090453.4380 -0003797.9658
> 169306 1
H41 -4038289.7148 03933456.9459 05026928.6025 00003324.0238 -0003045.7039 00005403.7669 02091318.5977 -0003899.6902
> 169307 1
H41 -4034964.0893 03929961.5356 05032330.0436 00003327.2266 -0003050.2259 00005399.1144 02092204.4121 -0004001.2920
> 169308 1
H41 -4031635.2629 03926462.0255 05037726.8296 00003330.4257 -0003054.7454 00005394.4568 02093110.8544 -0004102.7682
> 169309 1
H41 -4028303.2392 03922958.4185 05043118.9556 00003333.6211 -0003059.2625 00005389.7943 02094037.8975 -0004204.1160
> 169310 1
H41 -4024968.0219 03919450.7174 05048506.4165 00003336.8129 -0003063.7772 00005385.1267 02094985.5135 -0004305.3325
> 169311 1
H41 -4021629.6147 03915938.9248 05053889.2074 00003340.0010 -0003068.2896 00005380.4542 02095953.6741 -0004406.4150
> 169312 1
H41 -4018288.0211 03912423.0435 05059267.3233 00003343.1855 -0003072.7995 00005375.7767 02096942.3502 -0004507.3606
> 169313 1
H41 -4014943.2450 03908903.0764 05064640.7592 00003346.3662 -0003077.3070 00005371.0943 02097951.5124 -0004608.1665
> 169314 1
H41 -4011595.2899 03905379.0262 05070009.5101 00003349.5433 -0003081.8120 00005366.4068 02098981.1304 -0004708.8300
> 169315 1
H41 -4008244.1595 03901850.8956 05075373.5712 00003352.7168 -0003086.3147 00005361.7144 02100031.1738 -0004809.3484
> 169316 1
H41 -4004889.8576 03898318.6875 05080732.9373 00003355.8865 -0003090.8149 00005357.0171 02101101.6112 -0004909.7189
> 169317 1
H41 -4001532.3877 03894782.4046 05086087.6036 00003359.0526 -0003095.3126 00005352.3147 02102192.4109 -0005009.9388
> 169318 1
H41 -3998171.7536 03891242.0497 05091437.5652 00003362.2150 -0003099.8079 00005347.6075 02103303.5406 -0005110.0055
> 169319 1
H41 -3994807.9590 03887697.6256 05096782.8170 00003365.3737 -0003104.3008 00005342.8953 02104434.9674 -0005209.9162
> 169320 1
H41 -3991441.0075 03884149.1352 05102123.3541 00003368.5287 -0003108.7912 00005338.1781 02105586.6580 -0005309.6685
> 169321 1
H41 -3988070.9029 03880596.5811 05107459.1715 00003371.6800 -0003113.2792 00005333.4560 02106758.5784 -0005409.2596
> 169322 1
H41 -3984697.6487 03877039.9663 05112790.2644 00003374.8276 -0003117.7647 00005328.7290 02107950.6942 -0005508.6870
> 169323 1
H41 -3981321.2488 03873479.2936 05118116.6279 00003377.9716 -0003122.2477 00005323.9970 02109162.9703 -0005607.9481
> 169324 1
H41 -3977941.7068 03869914.5657 05123438.2569 00003381.1118 -0003126.7283 00005319.2602 02110395.3714 -0005707.0404
> 169325 1
H41 -3974559.0265 03866345.7855 05128755.1465 00003384.2483 -0003131.2064 00005314.5184 02111647.8614 -0005805.9613
> 169326 1
H41 -3971173.2114 03862772.9557 05134067.2920 00003387.3812 -0003135.6820 00005309.7716 02112920.4038 -0005904.7084
> 169327 1
H41 -3967784.2654 03859196.0793 05139374.6882 00003390.5103 -0003140.1551 00005305.0200 02114212.9616 -0006003.2792
> 169328 1
H41 -3964392.1920 03855615.1591 05144677.3303 00003393.6357 -0003144.6258 00005300.2635 02115525.4972 -0006101.6712
> 169329 1
H41 -3960996.9952 03852030.1979 05149975.2135 00003396.7574 -0003149.0939 00005295.5020 02116857.9728 -0006199.8821
> 169330 1
H41 -3957598.6784 03848441.1985 05155268.3328 00003399.8754 -0003153.5596 00005290.7357 02118210.3497 -0006297.9095
> 169331 1
H41 -3954197.2456 03844848.1638 05160556.6833 00003402.9897 -0003158.0227 00005285.9645 02119582.5890 -0006395.7509
> 169332 1
H41 -3950792.7003 03841251.0966 05165840.2601 00003406.1003 -0003162.4833 00005281.1883 02120974.6512 -0006493.4040
> 169333 1
H41 -3947385.0463 03837649.9999 05171119.0583 00003409.2071 -0003166.9415 00005276.4073 02122386.4965 -0006590.8666
> 169334 1
H41 -3943974.2874 03834044.8764 05176393.0731 00003412.3102 -0003171.3971 00005271.6214 02123818.0843 -0006688.1362
> 169335 1
H41 -3940560.4271 03830435.7290 05181662.2996 00003415.4096 -0003175.8501 00005266.8307 02125269.3740 -0006785.2108
> 169336 1
H41 -3937143.4694 03826822.5606 05186926.7329 00003418.5053 -0003180.3007 00005262.0350 02126740.3241 -0006882.0879
> 169337 1
H41 -3933723.4178 03823205.3740 05192186.3681 00003421.5972 -0003184.7487 00005257.2345 02128230.8929 -0006978.7654
> 169338 1
H41 -3930300.2762 03819584.1722 05197441.2003 00003424.6854 -0003189.1942 00005252.4292 02129741.0382 -0007075.2412
> 169339 1
H41 -3926874.0483 03815958.9580 05202691.2248 00003427.7699 -0003193.6371 00005247.6190 02131270.7174 -0007171.5130
> 169340 1
H41 -3923444.7377 03812329.7343 05207936.4366 00003430.8506 -0003198.0775 00005242.8039 02132819.8873 -0007267.5787
> 169341 1
H41 -3920012.3483 03808696.5040 05213176.8309 00003433.9276 -0003202.5153 00005237.9839 02134388.5044 -0007363.4362
> 169342 1
H41 -3916576.8838 03805059.2699 05218412.4029 00003437.0008 -0003206.9506 00005233.1592 02135976.5249 -0007459.0834
> 169343 1
H41 -3913138.3479 03801418.0350 05223643.1476 00003440.0703 -0003211.3834 00005228.3296 02137583.9043 -0007554.5182
> 169344 1
H41 -3909696.7444 03797772.8022 05228869.0604 00003443.1361 -0003215.8135 00005223.4951 02139210.5979 -0007649.7387
> 169345 1
H41 -3906252.0770 03794123.5744 05234090.1362 00003446.1981 -0003220.2411 00005218.6558 02140856.5605 -0007744.7429
> 169346 1
H41 -3902804.3494 03790470.3545 05239306.3704 00003449.2564 -0003224.6661 00005213.8117 02142521.7465 -0007839.5287
> 169347 1
H41 -3899353.5655 03786813.1453 05244517.7580 00003452.3109 -0003229.0886 00005208.9628 02144206.1100 -0007934.0942
> 169348 1
H41 -3895899.7289 03783151.9499 05249724.2943 00003455.3616 -0003233.5084 00005204.1090 02145909.6046 -0008028.4375
> 169349 1
H41 -3892442.8435 03779486.7712 05254925.9745 00003458.4086 -0003237.9257 00005199.2505 02147632.1835 -0008122.5567
> 169350 1
H41 -3888982.9130 03775817.6120 05260122.7936 00003461.4518 -0003242.3403 00005194.3871 02149373.7997 -0008216.4500
> 169351 1
H41 -3885519.9411 03772144.4753 05265314.7470 00003464.4913 -0003246.7524 00005189.5189 02151134.4056 -0008310.1154
> 169352 1
H41 -3882053.9317 03768467.3640 05270501.8298 00003467.5270 -0003251.1619 00005184.6459 02152913.9533 -0008403.5513
> 169353 1
H41 -3878584.8884 03764786.2812 05275684.0373 00003470.5589 -0003255.5687 00005179.7681 02154712.3947 -0008496.7557
> 169354 1
H41 -3875112.8151 03761101.2296 05280861.3645 00003473.5871 -0003259.9730 00005174.8856 02156529.6812 -0008589.7271
> 169355 1
H41 -3871637.7156 03757412.2123 05286033.8068 00003476.6114 -0003264.3746 00005169.9982 02158365.7638 -0008682.4635
> 169356 1
H41 -3868159.5935 03753719.2323 05291201.3593 00003479.6320 -0003268.7736 00005165.1061 02160220.5932 -0008774.9634
> 169357 1
H41 -3864678.4527 03750022.2924 05296364.0174 00003482.6489 -0003273.1700 00005160.2092 02162094.1198 -0008867.2251
> 169358 1
H41 -3861194.2970 03746321.3956 05301521.7761 00003485.6619 -0003277.5638 00005155.3075 02163986.2937 -0008959.2469
> 169359 1
H41 -3857707.1302 03742616.5449 05306674.6307 00003488.6712 -0003281.9549 00005150.4010 02165897.0646 -0009051.0272
> 169360 1
H41 -3854216.9559 03738907.7434 05311822.5765 00003491.6767 -0003286.3434 00005145.4898 02167826.3819 -0009142.5645
> 169361 1
H41 -3850723.7781 03735194.9938 05316965.6087 00003494.6784 -0003290.7292 00005140.5738 02169774.1946 -0009233.8571
> 169362 1
H41 -3847227.6004 03731478.2993 05322103.7225 00003497.6763 -0003295.1124 00005135.6531 02171740.4516 -0009324.9036
> 169363 1
H41 -3843728.4268 03727757.6627 05327236.9133 00003500.6704 -0003299.4929 00005130.7276 02173725.1014 -0009415.7024
> 169364 1
H41 -3840226.2609 03724033.0872 05332365.1761 00003503.6607 -0003303.8708 00005125.7973 02175728.0920 -0009506.2521
> 169365 1
H41 -3836721.1066 03720304.5756 05337488.5064 00003506.6472 -0003308.2460 00005120.8624 02177749.3715 -0009596.5512
> 169366 1
H41 -3833212.9677 03716572.1310 05342606.8993 00003509.6300 -0003312.6186 00005115.9227 02179788.8872 -0009686.5983
> 169367 1
H41 -3829701.8480 03712835.7563 05347720.3501 00003512.6089 -0003316.9884 00005110.9782 02181846.5867 -0009776.3920
> 169368 1
H41 -3826187.7512 03709095.4547 05352828.8541 00003515.5840 -0003321.3556 00005106.0290 02183922.4169 -0009865.9310
> 169369 1
H41 -3822670.6812 03705351.2289 05357932.4066 00003518.5553 -0003325.7201 00005101.0751 02186016.3246 -0009955.2139
> 169370 1
H41 -3819150.6418 03701603.0822 05363031.0028 00003521.5228 -0003330.0820 00005096.1165 02188128.2562 -0010044.2394
> 169371 1
H41 -3815627.6368 03697851.0175 05368124.6381 00003524.4865 -0003334.4411 00005091.1532 02190258.1581 -0010133.0063
> 169372 1
H41 -3812101.6701 03694095.0378 05373213.3077 00003527.4464 -0003338.7975 00005086.1852 02192405.9762 -0010221.5133
> 169373 1
H41 -3808572.7453 03690335.1461 05378297.0069 00003530.4025 -0003343.1513 00005081.2124 02194571.6562 -0010309.7591
> 169374 1
H41 -3805040.8664 03686571.3455 05383375.7310 00003533.3547 -0003347.5023 00005076.2350 02196755.1437 -0010397.7425
> 169375 1
H41 -3801506.0371 03682803.6390 05388449.4752 00003536.3032 -0003351.8506 00005071.2528 02198956.3839 -0010485.4625
> 169376 1
H41 -3797968.2613 03679032.0296 05393518.2351 00003539.2478 -0003356.1962 00005066.2660 02201175.3219 -0010572.9178
> 169377 1
H41 -3794427.5428 03675256.5204 05398582.0057 00003542.1886 -0003360.5391 00005061.2745 02203411.9024 -0010660.1074
> 169378 1
H41 -3790883.8855 03671477.1144 05403640.7825 00003545.1255 -0003364.8793 00005056.2783 02205666.0701 -0010747.0301
> 169379 1
H41 -3787337.2931 03667693.8146 05408694.5607 00003548.0587 -0003369.2167 00005051.2774 02207937.7693 -0010833.6849
> 169380 1
H41 -3783787.7695 03663906.6242 05413743.3358 00003550.9880 -0003373.5514 00005046.2719 02210226.9443 -0010920.0708
> 169381 1
H41 -3780235.3184 03660115.5462 05418787.1029 00003553.9134 -0003377.8834 00005041.2617 02212533.5388 -0011006.1867
> 169382 1
H41 -3776679.9439 03656320.5836 05423825.8575 00003556.8351 -0003382.2126 00005036.2468 02214857.4968 -0011092.0317
> 169383 1
H41 -3773121.6496 03652521.7394 05428859.5949 00003559.7529 -0003386.5391 00005031.2272 02217198.7618 -0011177.6048
> 169384 1
H41 -3769560.4394 03648719.0169 05433888.3104 00003562.6668 -0003390.8628 00005026.2030 02219557.2772 -0011262.9051
> 169385 1
H41 -3765996.3172 03644912.4189 05438911.9994 00003565.5769 -0003395.1838 00005021.1742 02221932.9862 -0011347.9317
> 169386 1
H41 -3762429.2869 03641101.9487 05443930.6573 00003568.4832 -0003399.5020 00005016.1407 02224325.8318 -0011432.6837
> 169387 1
H41 -3758859.3521 03637287.6093 05448944.2793 00003571.3856 -0003403.8174 00005011.1026 02226735.7569 -0011517.1603
> 169388 1
H41 -3755286.5169 03633469.4037 05453952.8609 00003574.2842 -0003408.1301 00005006.0598 02229162.7042 -0011601.3606
> 169389 1
H41 -3751710.7850 03629647.3352 05458956.3974 00003577.1789 -0003412.4400 00005001.0124 02231606.6163 -0011685.2838
> 169390 1
H41 -3748132.1603 03625821.4066 05463954.8842 00003580.0698 -0003416.7471 00004995.9604 02234067.4354 -0011768.9292
> 169391 1
H41 -3744550.6467 03621991.6213 05468948.3167 00003582.9568 -0003421.0515 00004990.9038 02236545.1039 -0011852.2961
> 169392 1
H41 -3740966.2479 03618157.9822 05473936.6902 00003585.8400 -0003425.3530 00004985.8425 02239039.5638 -0011935.3836
> 169393 1
H41 -3737378.9680 03614320.4924 05478920.0002 00003588.7193 -0003429.6518 00004980.7766 02241550.7571 -0012018.1912
> 169394 1
H41 -3733788.8107 03610479.1551 05483898.2420 00003591.5947 -0003433.9477 00004975.7062 02244078.6256 -0012100.7181
> 169395 1
H41 -3730195.7798 03606633.9735 05488871.4110 00003594.4663 -0003438.2409 00004970.6311 02246623.1109 -0012182.9637
> 169396 1
H41 -3726599.8793 03602784.9505 05493839.5026 00003597.3340 -0003442.5313 00004965.5514 02249184.1547 -0012264.9273
> 169397 1
H41 -3723001.1131 03598932.0893 05498802.5123 00003600.1979 -0003446.8188 00004960.4671 02251761.6984 -0012346.6084
> 169398 1
H41 -3719399.4849 03595075.3931 05503760.4354 00003603.0578 -0003451.1035 00004955.3783 02254355.6833 -0012428.0065
> 169399 1
H41 -3715794.9987 03591214.8650 05508713.2673 00003605.9139 -0003455.3854 00004950.2848 02256966.0506 -0012509.1208
> 169400 1
H41 -3712187.6584 03587350.5080 05513661.0036 00003608.7661 -0003459.6645 00004945.1868 02259592.7415 -0012589.9510
> 169401 1
H41 -3708577.4677 03583482.3255 05518603.6395 00003611.6145 -0003463.9408 00004940.0842 02262235.6970 -0012670.4966
> 169402 1
H41 -3704964.4307 03579610.3204 05523541.1705 00003614.4590 -0003468.2142 00004934.9771 02264894.8579 -0012750.7569
> 169403 1
H41 -3701348.5511 03575734.4960 05528473.5920 00003617.2995 -0003472.4848 00004929.8653 02267570.1652 -0012830.7317
> 169404 1
H41 -3697729.8329 03571854.8554 05533400.8996 00003620.1362 -0003476.7525 00004924.7490 02270261.5596 -0012910.4204
> 169405 1
H41 -3694108.2799 03567971.4017 05538323.0886 00003622.9691 -0003481.0174 00004919.6282 02272968.9817 -0012989.8227
> 169406 1
H41 -3690483.8961 03564084.1381 05543240.1545 00003625.7980 -0003485.2794 00004914.5028 02275692.3721 -0013068.9381
> 169407 1
H41 -3686856.6852 03560193.0678 05548152.0927 00003628.6230 -0003489.5386 00004909.3728 02278431.6714 -0013147.7663
> 169408 1
H41 -3683226.6513 03556298.1939 05553058.8986 00003631.4442 -0003493.7949 00004904.2384 02281186.8200 -0013226.3070
> 169409 1
H41 -3679593.7982 03552399.5196 05557960.5679 00003634.2614 -0003498.0484 00004899.0993 02283957.7584 -0013304.5598
> 169410 1
H41 -3675958.1298 03548497.0481 05562857.0958 00003637.0748 -0003502.2990 00004893.9558 02286744.4268 -0013382.5245
> 169411 1
H41 -3672319.6499 03544590.7826 05567748.4779 00003639.8842 -0003506.5467 00004888.8077 02289546.7655 -0013460.2008
> 169412 1
H41 -3668678.3626 03540680.7262 05572634.7097 00003642.6898 -0003510.7915 00004883.6551 02292364.7148 -0013537.5883
> 169413 1
H41 -3665034.2716 03536766.8821 05577515.7866 00003645.4915 -0003515.0335 00004878.4980 02295198.2148 -0013614.6870
> 169414 1
H41 -3661387.3809 03532849.2536 05582391.7042 00003648.2892 -0003519.2725 00004873.3363 02298047.2058 -0013691.4965
> 169415 1
H41 -3657737.6945 03528927.8438 05587262.4578 00003651.0831 -0003523.5087 00004868.1702 02300911.6278 -0013768.0168
> 169416 1
H41 -3654085.2161 03525002.6559 05592128.0431 00003653.8730 -0003527.7419 00004862.9996 02303791.4209 -0013844.2475
> 169417 1
H41 -3650429.9498 03521073.6930 05596988.4554 00003656.6590 -0003531.9723 00004857.8244 02306686.5251 -0013920.1886
> 169418 1
H41 -3646771.8994 03517140.9586 05601843.6904 00003659.4411 -0003536.1998 00004852.6448 02309596.8806 -0013995.8400
> 169419 1
H41 -3643111.0689 03513204.4556 05606693.7435 00003662.2193 -0003540.4243 00004847.4607 02312522.4274 -0014071.2014
> 169420 1
H41 -3639447.4621 03509264.1874 05611538.6102 00003664.9936 -0003544.6459 00004842.2720 02315463.1053 -0014146.2729
> 169421 1
H41 -3635781.0830 03505320.1572 05616378.2861 00003667.7640 -0003548.8647 00004837.0790 02318418.8545 -0014221.0544
> 169422 1
H41 -3632111.9355 03501372.3682 05621212.7667 00003670.5304 -0003553.0804 00004831.8814 02321389.6149 -0014295.5459
> 169423 1
H41 -3628440.0235 03497420.8236 05626042.0474 00003673.2929 -0003557.2933 00004826.6794 02324375.3264 -0014369.7472
> 169424 1
H41 -3624765.3510 03493465.5266 05630866.1239 00003676.0515 -0003561.5032 00004821.4729 02327375.9292 -0014443.6584
> 169425 1
H41 -3621087.9218 03489506.4806 05635684.9917 00003678.8062 -0003565.7102 00004816.2619 02330391.3631 -0014517.2795
> 169426 1
H41 -3617407.7400 03485543.6886 05640498.6462 00003681.5569 -0003569.9143 00004811.0465 02333421.5682 -0014590.6105
> 169427 1
H41 -3613724.8094 03481577.1540 05645307.0832 00003684.3037 -0003574.1153 00004805.8266 02336466.4844 -0014663.6515
> 169428 1
H41 -3610039.1339 03477606.8801 05650110.2980 00003687.0465 -0003578.3135 00004800.6023 02339526.0519 -0014736.4025
> 169429 1
H41 -3606350.7176 03473632.8700 05654908.2863 00003689.7855 -0003582.5087 00004795.3736 02342600.2106 -0014808.8636
> 169430 1
H41 -3602659.5643 03469655.1271 05659701.0437 00003692.5205 -0003586.7009 00004790.1404 02345688.9006 -0014881.0349
> 169431 1
H41 -3598965.6780 03465673.6545 05664488.5656 00003695.2515 -0003590.8902 00004784.9028 02348792.0620 -0014952.9166
> 169432 1
H41 -3595269.0626 03461688.4555 05669270.8477 00003697.9786 -0003595.0765 00004779.6607 02351909.6350 -0015024.5087
> 169433 1
H41 -3591569.7221 03457699.5335 05674047.8856 00003700.7018 -0003599.2598 00004774.4143 02355041.5596 -0015095.8114
> 169434 1
H41 -3587867.6603 03453706.8917 05678819.6748 00003703.4210 -0003603.4401 00004769.1634 02358187.7762 -0015166.8248
> 169435 1
H41 -3584162.8813 03449710.5333 05683586.2109 00003706.1363 -0003607.6175 00004763.9081 02361348.2249 -0015237.5493
> 169436 1
H41 -3580455.3891 03445710.4617 05688347.4895 00003708.8476 -0003611.7918 00004758.6484 02364522.8460 -0015307.9849
> 169437 1
H41 -3576745.1875 03441706.6801 05693103.5062 00003711.5550 -0003615.9632 00004753.3843 02367711.5799 -0015378.1318
> 169438 1
H41 -3573032.2805 03437699.1919 05697854.2566 00003714.2584 -0003620.1316 00004748.1158 02370914.3669 -0015447.9904
> 169439 1
H41 -3569316.6720 03433688.0002 05702599.7364 00003716.9578 -0003624.2970 00004742.8429 02374131.1476 -0015517.5608
> 169440 1
H41 -3565598.3661 03429673.1084 05707339.9410 00003719.6533 -0003628.4593 00004737.5656 02377361.8622 -0015586.8433
> 169441 1
H41 -3561877.3667 03425654.5198 05712074.8662 00003722.3449 -0003632.6187 00004732.2840 02380606.4515 -0015655.8382
> 169442 1
H41 -3558153.6777 03421632.2377 05716804.5075 00003725.0325 -0003636.7750 00004726.9979 02383864.8560 -0015724.5458
> 169443 1
H41 -3554427.3031 03417606.2655 05721528.8606 00003727.7161 -0003640.9284 00004721.7075 02387137.0165 -0015792.9664
> 169444 1
H41 -3550698.2468 03413576.6063 05726247.9211 00003730.3957 -0003645.0787 00004716.4127 02390422.8736 -0015861.1003
> 169445 1
H41 -3546966.5130 03409543.2636 05730961.6846 00003733.0714 -0003649.2260 00004711.1136 02393722.3683 -0015928.9478
> 169446 1
H41 -3543232.1054 03405506.2407 05735670.1468 00003735.7431 -0003653.3702 00004705.8101 02397035.4413 -0015996.5094
> 169447 1
H41 -3539495.0281 03401465.5408 05740373.3034 00003738.4108 -0003657.5114 00004700.5023 02400362.0337 -0016063.7853
> 169448 1
H41 -3535755.2850 03397421.1673 05745071.1499 00003741.0746 -0003661.6496 00004695.1901 02403702.0866 -0016130.7760
> 169449 1
H41 -3532012.8802 03393373.1236 05749763.6820 00003743.7344 -0003665.7847 00004689.8735 02407055.5410 -0016197.4818
> 169450 1
H41 -3528267.8176 03389321.4129 05754450.8955 00003746.3902 -0003669.9168 00004684.5526 02410422.3382 -0016263.9031
> 169451 1
H41 -3524520.1011 03385266.0387 05759132.7858 00003749.0420 -0003674.0458 00004679.2274 02413802.4196 -0016330.0404
> 169452 1
H41 -3520769.7348 03381207.0042 05763809.3488 00003751.6899 -0003678.1717 00004673.8979 02417195.7265 -0016395.8941
> 169453 1
H41 -3517016.7227 03377144.3128 05768480.5801 00003754.3337 -0003682.2946 00004668.5640 02420602.2004 -0016461.4647
> 169454 1
H41 -3513261.0687 03373077.9679 05773146.4754 00003756.9736 -0003686.4145 00004663.2258 02424021.7829 -0016526.7525
> 169455 1
H41 -3509502.7768 03369007.9728 05777807.0304 00003759.6095 -0003690.5312 00004657.8833 02427454.4158 -0016591.7581
> 169456 1
H41 -3505741.8510 03364934.3308 05782462.2406 00003762.2414 -0003694.6449 00004652.5365 02430900.0408 -0016656.4819
> 169457 1
H41 -3501978.2953 03360857.0454 05787112.1020 00003764.8693 -0003698.7555 00004647.1854 02434358.5999 -0016720.9245
> 169458 1
H41 -3498212.1137 03356776.1198 05791756.6100 00003767.4932 -0003702.8630 00004641.8300 02437830.0349 -0016785.0863
> 169459 1
H41 -3494443.3102 03352691.5576 05796395.7605 00003770.1132 -0003706.9674 00004636.4703 02441314.2882 -0016848.9679
> 169460 1
H41 -3490671.8887 03348603.3619 05801029.5492 00003772.7291 -0003711.0687 00004631.1063 02444811.3018 -0016912.5697
> 169461 1
H41 -3486897.8534 03344511.5363 05805657.9717 00003775.3410 -0003715.1670 00004625.7380 02448321.0182 -0016975.8924
> 169462 1
H41 -3483121.2081 03340416.0841 05810281.0238 00003777.9489 -0003719.2621 00004620.3655 02451843.3797 -0017038.9364
> 169463 1
H41 -3479341.9568 03336317.0087 05814898.7012 00003780.5528 -0003723.3541 00004614.9886 02455378.3290 -0017101.7024
> 169464 1
H41 -3475560.1037 03332214.3134 05819510.9997 00003783.1528 -0003727.4430 00004609.6075 02458925.8087 -0017164.1908
> 169465 1
H41 -3471775.6527 03328108.0018 05824117.9149 00003785.7487 -0003731.5288 00004604.2222 02462485.7618 -0017226.4023
> 169466 1
H41 -3467988.6077 03323998.0771 05828719.4426 00003788.3406 -0003735.6114 00004598.8326 02466058.1310 -0017288.3375
> 169467 1
H41 -3464198.9729 03319884.5428 05833315.5786 00003790.9284 -0003739.6910 00004593.4387 02469642.8595 -0017349.9969
> 169468 1
H41 -3460406.7522 03315767.4022 05837906.3186 00003793.5123 -0003743.7674 00004588.0406 02473239.8904 -0017411.3813
> 169469 1
H41 -3456611.9496 03311646.6589 05842491.6583 00003796.0922 -0003747.8407 00004582.6382 02476849.1672 -0017472.4911
> 169470 1
H41 -3452814.5692 03307522.3161 05847071.5936 00003798.6680 -0003751.9108 00004577.2316 02480470.6332 -0017533.3270
> 169471 1
H41 -3449014.6149 03303394.3774 05851646.1201 00003801.2399 -0003755.9778 00004571.8207 02484104.2320 -0017593.8896
> 169472 1
H41 -3445212.0908 03299262.8461 05856215.2337 00003803.8077 -0003760.0416 00004566.4057 02487749.9073 -0017654.1797
> 169473 1
H41 -3441407.0009 03295127.7256 05860778.9300 00003806.3714 -0003764.1023 00004560.9864 02491407.6031 -0017714.1978
> 169474 1
H41 -3437599.3492 03290989.0195 05865337.2050 00003808.9312 -0003768.1598 00004555.5629 02495077.2632 -0017773.9447
> 169475 1
H41 -3433789.1398 03286846.7311 05869890.0544 00003811.4869 -0003772.2142 00004550.1351 02498758.8319 -0017833.4209
> 169476 1
H41 -3429976.3767 03282700.8638 05874437.4739 00003814.0386 -0003776.2654 00004544.7032 02502452.2533 -0017892.6271
> 169477 1
H41 -3426161.0639 03278551.4212 05878979.4594 00003816.5863 -0003780.3135 00004539.2671 02506157.4721 -0017951.5642
> 169478 1
H41 -3422343.2054 03274398.4066 05883516.0066 00003819.1300 -0003784.3583 00004533.8267 02509874.4326 -0018010.2326
> 169479 1
H41 -3418522.8053 03270241.8235 05888047.1114 00003821.6696 -0003788.4000 00004528.3822 02513603.0796 -0018068.6333
> 169480 1
H41 -3414699.8676 03266081.6754 05892572.7696 00003824.2052 -0003792.4385 00004522.9335 02517343.3579 -0018126.7667
> 169481 1
H41 -3410874.3963 03261917.9657 05897092.9769 00003826.7367 -0003796.4739 00004517.4806 02521095.2127 -0018184.6338
> 169482 1
H41 -3407046.3955 03257750.6978 05901607.7293 00003829.2642 -0003800.5060 00004512.0235 02524858.5890 -0018242.2351
> 169483 1
H41 -3403215.8692 03253579.8753 05906117.0225 00003831.7877 -0003804.5349 00004506.5622 02528633.4321 -0018299.5715
> 169484 1
H41 -3399382.8215 03249405.5016 05910620.8523 00003834.3071 -0003808.5606 00004501.0968 02532419.6875 -0018356.6436
> 169485 1
H41 -3395547.2563 03245227.5801 05915119.2147 00003836.8225 -0003812.5832 00004495.6272 02536217.3009 -0018413.4522
> 169486 1
H41 -3391709.1778 03241046.1144 05919612.1054 00003839.3338 -0003816.6025 00004490.1534 02540026.2180 -0018469.9981
> 169487 1
H41 -3387868.5901 03236861.1080 05924099.5202 00003841.8411 -0003820.6186 00004484.6755 02543846.3847 -0018526.2820
> 169488 1
H41 -3384025.4970 03232672.5642 05928581.4551 00003844.3443 -0003824.6315 00004479.1935 02547677.7472 -0018582.3047
> 169489 1
H41 -3380179.9027 03228480.4866 05933057.9058 00003846.8435 -0003828.6412 00004473.7073 02551520.2517 -0018638.0669
> 169490 1
H41 -3376331.8113 03224284.8787 05937528.8683 00003849.3387 -0003832.6476 00004468.2170 02555373.8445 -0018693.5694
> 169491 1
H41 -3372481.2268 03220085.7441 05941994.3383 00003851.8297 -0003836.6508 00004462.7225 02559238.4723 -0018748.8130
> 169492 1
H41 -3368628.1532 03215883.0860 05946454.3119 00003854.3168 -0003840.6508 00004457.2239 02563114.0819 -0018803.7985
> 169493 1
H41 -3364772.5946 03211676.9082 05950908.7848 00003856.7997 -0003844.6475 00004451.7212 02567000.6201 -0018858.5267
> 169494 1
H41 -3360914.5551 03207467.2141 05955357.7529 00003859.2786 -0003848.6410 00004446.2143 02570898.0339 -0018912.9984
> 169495 1
H41 -3357054.0387 03203254.0072 05959801.2121 00003861.7535 -0003852.6313 00004440.7034 02574806.2707 -0018967.2143
> 169496 1
H41 -3353191.0495 03199037.2909 05964239.1583 00003864.2242 -0003856.6183 00004435.1883 02578725.2778 -0019021.1753
> 169497 1
H41 -3349325.5916 03194817.0690 05968671.5874 00003866.6910 -0003860.6020 00004429.6692 02582655.0028 -0019074.8821
> 169498 1
H41 -3345457.6690 03190593.3447 05973098.4953 00003869.1536 -0003864.5825 00004424.1459 02586595.3934 -0019128.3357
> 169499 1
H41 -3341587.2858 03186366.1218 05977519.8779 00003871.6122 -0003868.5597 00004418.6186 02590546.3976 -0019181.5367
> 169500 1
H41 -3337714.4460 03182135.4036 05981935.7311 00003874.0667 -0003872.5336 00004413.0871 02594507.9633 -0019234.4861
> 169501 1
H41 -3333839.1538 03177901.1939 05986346.0508 00003876.5171 -0003876.5043 00004407.5516 02598480.0390 -0019287.1847
> 169502 1
H41 -3329961.4131 03173663.4959 05990750.8329 00003878.9635 -0003880.4717 00004402.0120 02602462.5729 -0019339.6333
> 169503 1
H41 -3326081.2282 03169422.3135 05995150.0735 00003881.4058 -0003884.4358 00004396.4684 02606455.5137 -0019391.8326
> 169504 1
H41 -3322198.6030 03165177.6499 05999543.7683 00003883.8440 -0003888.3966 00004390.9206 02610458.8102 -0019443.7837
> 169505 1
H41 -3318313.5416 03160929.5089 06003931.9133 00003886.2781 -0003892.3541 00004385.3688 02614472.4113 -0019495.4873
> 169506 1
H41 -3314426.0481 03156677.8940 06008314.5046 00003888.7081 -0003896.3084 00004379.8130 02618496.2661 -0019546.9442
> 169507 1
H41 -3310536.1267 03152422.8086 06012691.5379 00003891.1341 -0003900.2593 00004374.2531 02622530.3240 -0019598.1553
> 169508 1
H41 -3306643.7813 03148164.2565 06017063.0093 00003893.5560 -0003904.2069 00004368.6891 02626574.5343 -0019649.1215
> 169509 1
H41 -3302749.0161 03143902.2411 06021428.9148 00003895.9738 -0003908.1513 00004363.1211 02630628.8468 -0019699.8436
> 169510 1
H41 -3298851.8351 03139636.7660 06025789.2502 00003898.3875 -0003912.0923 00004357.5491 02634693.2112 -0019750.3224
> 169511 1
H41 -3294952.2425 03135367.8348 06030144.0116 00003900.7971 -0003916.0300 00004351.9730 02638767.5776 -0019800.5589
> 169512 1
H41 -3291050.2423 03131095.4510 06034493.1950 00003903.2026 -0003919.9643 00004346.3929 02642851.8962 -0019850.5538
> 169513 1
H41 -3287145.8386 03126819.6183 06038836.7962 00003905.6041 -0003923.8954 00004340.8088 02646946.1173 -0019900.3082
> 169514 1
H41 -3283239.0355 03122540.3402 06043174.8113 00003908.0014 -0003927.8231 00004335.2207 02651050.1915 -0019949.8227
> 169515 1
H41 -3279329.8372 03118257.6203 06047507.2363 00003910.3946 -0003931.7475 00004329.6286 02655164.0694 -0019999.0983
> 169516 1
H41 -3275418.2476 03113971.4622 06051834.0671 00003912.7838 -0003935.6685 00004324.0325 02659287.7021 -0020048.1360
> 169517 1
H41 -3271504.2710 03109681.8695 06056155.2999 00003915.1688 -0003939.5862 00004318.4323 02663421.0405 -0020096.9364
> 169518 1
H41 -3267587.9114 03105388.8458 06060470.9304 00003917.5498 -0003943.5006 00004312.8282 02667564.0360 -0020145.5006
> 169519 1
H41 -3263669.1728 03101092.3947 06064780.9549 00003919.9266 -0003947.4116 00004307.2201 02671716.6400 -0020193.8293
> 169520 1
H41 -3259748.0595 03096792.5197 06069085.3692 00003922.2993 -0003951.3193 00004301.6080 02675878.8042 -0020241.9236
> 169521 1
H41 -3255824.5755 03092489.2246 06073384.1695 00003924.6680 -0003955.2235 00004295.9919 02680050.4803 -0020289.7842
> 169522 1
H41 -3251898.7249 03088182.5128 06077677.3517 00003927.0325 -0003959.1245 00004290.3718 02684231.6203 -0020337.4120
> 169523 1
H41 -3247970.5119 03083872.3881 06081964.9118 00003929.3929 -0003963.0220 00004284.7478 02688422.1764 -0020384.8080
> 169524 1
H41 -3244039.9405 03079558.8541 06086246.8459 00003931.7492 -0003966.9162 00004279.1198 02692622.1011 -0020431.9730
> 169525 1
H41 -3240107.0149 03075241.9143 06090523.1501 00003934.1014 -0003970.8070 00004273.4879 02696831.3467 -0020478.9079
> 169526 1
H41 -3236171.7391 03070921.5724 06094793.8203 00003936.4495 -0003974.6945 00004267.8520 02701049.8662 -0020525.6135
> 169527 1
H41 -3232234.1173 03066597.8321 06099058.8527 00003938.7934 -0003978.5785 00004262.2121 02705277.6123 -0020572.0909
> 169528 1
H41 -3228294.1536 03062270.6969 06103318.2432 00003941.1333 -0003982.4592 00004256.5683 02709514.5382 -0020618.3408
> 169529 1
H41 -3224351.8521 03057940.1705 06107571.9880 00003943.4690 -0003986.3364 00004250.9206 02713760.5972 -0020664.3642
> 169530 1
H41 -3220407.2170 03053606.2565 06111820.0830 00003945.8006 -0003990.2103 00004245.2689 02718015.7427 -0020710.1620
> 169531 1
H41 -3216460.2523 03049268.9587 06116062.5245 00003948.1281 -0003994.0808 00004239.6133 02722279.9284 -0020755.7350
> 169532 1
H41 -3212510.9623 03044928.2806 06120299.3084 00003950.4514 -0003997.9478 00004233.9538 02726553.1081 -0020801.0841
> 169533 1
H41 -3208559.3509 03040584.2258 06124530.4308 00003952.7706 -0004001.8115 00004228.2904 02730835.2358 -0020846.2103
> 169534 1
H41 -3204605.4223 03036236.7982 06128755.8879 00003955.0857 -0004005.6717 00004222.6231 02735126.2658 -0020891.1144
> 169535 1
H41 -3200649.1808 03031886.0012 06132975.6756 00003957.3967 -0004009.5285 00004216.9518 02739426.1525 -0020935.7973
> 169536 1
H41 -3196690.6303 03027531.8386 06137189.7902 00003959.7036 -0004013.3819 00004211.2767 02743734.8503 -0020980.2600
> 169537 1
H41 -3192729.7750 03023174.3141 06141398.2277 00003962.0063 -0004017.2319 00004205.5976 02748052.3142 -0021024.5032
> 169538 1
H41 -3188766.6191 03018813.4313 06145600.9842 00003964.3048 -0004021.0784 00004199.9147 02752378.4989 -0021068.5280
> 169539 1
H41 -3184801.1667 03014449.1939 06149798.0558 00003966.5993 -0004024.9215 00004194.2279 02756713.3598 -0021112.3352
> 169540 1
H41 -3180833.4220 03010081.6055 06153989.4386 00003968.8896 -0004028.7612 00004188.5372 02761056.8520 -0021155.9257
> 169541 1
H41 -3176863.3890 03005710.6699 06158175.1288 00003971.1757 -0004032.5974 00004182.8426 02765408.9311 -0021199.3004
> 169542 1
H41 -3172891.0719 03001336.3907 06162355.1226 00003973.4578 -0004036.4302 00004177.1442 02769769.5528 -0021242.4602
> 169543 1
H41 -3168916.4748 02996958.7717 06166529.4159 00003975.7357 -0004040.2595 00004171.4419 02774138.6729 -0021285.4059
> 169544 1
H41 -3164939.6019 02992577.8165 06170698.0050 00003978.0094 -0004044.0854 00004165.7357 02778516.2475 -0021328.1386
> 169545 1
H41 -3160960.4574 02988193.5288 06174860.8860 00003980.2790 -0004047.9078 00004160.0257 02782902.2328 -0021370.6590
> 169546 1
H41 -3156979.0453 02983805.9124 06179018.0551 00003982.5444 -0004051.7267 00004154.3118 02787296.5853 -0021412.9681
> 169547 1
H41 -3152995.3699 02979414.9709 06183169.5084 00003984.8057 -0004055.5422 00004148.5941 02791699.2616 -0021455.0667
> 169548 1
H41 -3149009.4353 02975020.7080 06187315.2421 00003987.0629 -0004059.3541 00004142.8726 02796110.2184 -0021496.9558
> 169549 1
H41 -3145021.2455 02970623.1274 06191455.2523 00003989.3159 -0004063.1627 00004137.1472 02800529.4127 -0021538.6363
> 169550 1
H41 -3141030.8049 02966222.2329 06195589.5352 00003991.5647 -0004066.9677 00004131.4180 02804956.8018 -0021580.1089
> 169551 1
H41 -3137038.1174 02961818.0283 06199718.0870 00003993.8094 -0004070.7692 00004125.6850 02809392.3429 -0021621.3747
