##接收机参考位置（LLH）93.503 0 1000
##接收机参考位置（ECEF）-389770.3846 6367218.224 0
##initialTime     174816
##endTime         175351
##obsTimeLength   536
##数据格式：satx saty satz satvx satvy satvz rangeObs dopplerObs
##rangeObs = range + receiverClcError
##dopplerObs = doppler + receiverClcDriftError
##信号类型为:3-2, 频率为:1520000000赫兹
##观测卫星个数：1
##end of head
> 174816 1
H41 -2344113.6618 06926049.2702 -1893370.3252 -0000511.5082 00002033.6226 00007018.5578 02777884.6231 00020355.6970
> 174817 1
H41 -2344623.9649 06927791.6621 -1886350.8928 -0000509.0979 00002027.3390 00007020.3059 02773816.2711 00020309.6249
> 174818 1
H41 -2345131.8578 06929527.7567 -1879329.7155 -0000506.6881 00002021.0531 00007022.0476 02769756.7591 00020263.3339
> 174819 1
H41 -2345637.3412 06931257.5520 -1872306.7997 -0000504.2787 00002014.7650 00007023.7828 02765706.1304 00020216.8233
> 174820 1
H41 -2346140.4155 06932981.0461 -1865282.1520 -0000501.8698 00002008.4747 00007025.5115 02761664.4285 00020170.0922
> 174821 1
H41 -2346641.0810 06934698.2370 -1858255.7788 -0000499.4614 00002002.1822 00007027.2337 02757631.6971 00020123.1400
> 174822 1
H41 -2347139.3384 06936409.1228 -1851227.6868 -0000497.0534 00001995.8874 00007028.9494 02753607.9800 00020075.9658
> 174823 1
H41 -2347635.1880 06938113.7016 -1844197.8822 -0000494.6459 00001989.5904 00007030.6586 02749593.3211 00020028.5690
> 174824 1
H41 -2348128.6303 06939811.9714 -1837166.3717 -0000492.2388 00001983.2912 00007032.3613 02745587.7646 00019980.9487
> 174825 1
H41 -2348619.6658 06941503.9304 -1830133.1618 -0000489.8322 00001976.9897 00007034.0575 02741591.3547 00019933.1042
> 174826 1
H41 -2349108.2949 06943189.5767 -1823098.2590 -0000487.4261 00001970.6861 00007035.7471 02737604.1359 00019885.0347
> 174827 1
H41 -2349594.5182 06944868.9083 -1816061.6697 -0000485.0205 00001964.3803 00007037.4303 02733626.1527 00019836.7396
> 174828 1
H41 -2350078.3360 06946541.9233 -1809023.4005 -0000482.6153 00001958.0723 00007039.1070 02729657.4500 00019788.2180
> 174829 1
H41 -2350559.7489 06948208.6199 -1801983.4579 -0000480.2106 00001951.7621 00007040.7771 02725698.0724 00019739.4693
> 174830 1
H41 -2351038.7573 06949868.9961 -1794941.8485 -0000477.8064 00001945.4498 00007042.4408 02721748.0652 00019690.4926
> 174831 1
H41 -2351515.3618 06951523.0501 -1787898.5786 -0000475.4026 00001939.1352 00007044.0979 02717807.4735 00019641.2872
> 174832 1
H41 -2351989.5628 06953170.7801 -1780853.6549 -0000472.9994 00001932.8185 00007045.7485 02713876.3426 00019591.8525
> 174833 1
H41 -2352461.3607 06954812.1841 -1773807.0838 -0000470.5966 00001926.4997 00007047.3926 02709954.7180 00019542.1876
> 174834 1
H41 -2352930.7562 06956447.2603 -1766758.8719 -0000468.1944 00001920.1786 00007049.0301 02706042.6453 00019492.2919
> 174835 1
H41 -2353397.7496 06958076.0069 -1759709.0257 -0000465.7926 00001913.8555 00007050.6612 02702140.1704 00019442.1646
> 174836 1
H41 -2353862.3415 06959698.4219 -1752657.5517 -0000463.3913 00001907.5302 00007052.2857 02698247.3391 00019391.8050
> 174837 1
H41 -2354324.5324 06961314.5036 -1745604.4565 -0000460.9905 00001901.2028 00007053.9037 02694364.1976 00019341.2124
> 174838 1
H41 -2354784.3227 06962924.2502 -1738549.7465 -0000458.5902 00001894.8732 00007055.5152 02690490.7920 00019290.3860
> 174839 1
H41 -2355241.7130 06964527.6596 -1731493.4283 -0000456.1904 00001888.5415 00007057.1201 02686627.1688 00019239.3251
> 174840 1
H41 -2355696.7037 06966124.7303 -1724435.5084 -0000453.7912 00001882.2077 00007058.7186 02682773.3745 00019188.0291
> 174841 1
H41 -2356149.2955 06967715.4603 -1717375.9934 -0000451.3924 00001875.8718 00007060.3104 02678929.4557 00019136.4972
> 174842 1
H41 -2356599.4887 06969299.8478 -1710314.8897 -0000448.9941 00001869.5338 00007061.8958 02675095.4592 00019084.7287
> 174843 1
H41 -2357047.2839 06970877.8911 -1703252.2039 -0000446.5964 00001863.1937 00007063.4746 02671271.4321 00019032.7229
> 174844 1
H41 -2357492.6816 06972449.5882 -1696187.9426 -0000444.1991 00001856.8515 00007065.0469 02667457.4213 00018980.4792
> 174845 1
H41 -2357935.6823 06974014.9375 -1689122.1123 -0000441.8024 00001850.5072 00007066.6127 02663653.4742 00018927.9968
> 174846 1
H41 -2358376.2866 06975573.9371 -1682054.7194 -0000439.4062 00001844.1608 00007068.1719 02659859.6382 00018875.2750
> 174847 1
H41 -2358814.4950 06977126.5853 -1674985.7706 -0000437.0106 00001837.8123 00007069.7246 02656075.9607 00018822.3132
> 174848 1
H41 -2359250.3079 06978672.8802 -1667915.2724 -0000434.6154 00001831.4618 00007071.2707 02652302.4894 00018769.1107
> 174849 1
H41 -2359683.7259 06980212.8202 -1660843.2313 -0000432.2208 00001825.1092 00007072.8103 02648539.2721 00018715.6668
> 174850 1
H41 -2360114.7496 06981746.4034 -1653769.6539 -0000429.8267 00001818.7546 00007074.3434 02644786.3568 00018661.9808
> 174851 1
H41 -2360543.3795 06983273.6280 -1646694.5467 -0000427.4331 00001812.3979 00007075.8699 02641043.7916 00018608.0521
> 174852 1
H41 -2360969.6161 06984794.4924 -1639617.9162 -0000425.0401 00001806.0392 00007077.3899 02637311.6246 00018553.8800
> 174853 1
H41 -2361393.4599 06986308.9948 -1632539.7691 -0000422.6476 00001799.6784 00007078.9033 02633589.9043 00018499.4639
> 174854 1
H41 -2361814.9115 06987817.1334 -1625460.1118 -0000420.2557 00001793.3156 00007080.4102 02629878.6791 00018444.8031
> 174855 1
H41 -2362233.9714 06989318.9065 -1618378.9509 -0000417.8642 00001786.9507 00007081.9105 02626177.9976 00018389.8970
> 174856 1
H41 -2362650.6401 06990814.3124 -1611296.2929 -0000415.4734 00001780.5839 00007083.4043 02622487.9086 00018334.7449
> 174857 1
H41 -2363064.9183 06992303.3493 -1604212.1445 -0000413.0831 00001774.2150 00007084.8915 02618808.4610 00018279.3461
> 174858 1
H41 -2363476.8064 06993786.0155 -1597126.5121 -0000410.6933 00001767.8441 00007086.3722 02615139.7038 00018223.7002
> 174859 1
H41 -2363886.3051 06995262.3093 -1590039.4023 -0000408.3041 00001761.4713 00007087.8463 02611481.6861 00018167.8064
> 174860 1
H41 -2364293.4148 06996732.2291 -1582950.8217 -0000405.9154 00001755.0964 00007089.3139 02607834.4572 00018111.6641
> 174861 1
H41 -2364698.1361 06998195.7731 -1575860.7768 -0000403.5273 00001748.7195 00007090.7749 02604198.0666 00018055.2728
> 174862 1
H41 -2365100.4696 06999652.9395 -1568769.2741 -0000401.1398 00001742.3407 00007092.2293 02600572.5637 00017998.6317
> 174863 1
H41 -2365500.4158 07001103.7269 -1561676.3203 -0000398.7528 00001735.9599 00007093.6772 02596957.9982 00017941.7404
> 174864 1
H41 -2365897.9753 07002548.1333 -1554581.9219 -0000396.3664 00001729.5771 00007095.1185 02593354.4200 00017884.5982
> 174865 1
H41 -2366293.1487 07003986.1572 -1547486.0855 -0000393.9805 00001723.1923 00007096.5533 02589761.8788 00017827.2045
> 174866 1
H41 -2366685.9365 07005417.7969 -1540388.8176 -0000391.5952 00001716.8056 00007097.9814 02586180.4247 00017769.5589
> 174867 1
H41 -2367076.3393 07006843.0508 -1533290.1248 -0000389.2105 00001710.4169 00007099.4031 02582610.1079 00017711.6606
> 174868 1
H41 -2367464.3577 07008261.9171 -1526190.0137 -0000386.8263 00001704.0263 00007100.8181 02579050.9786 00017653.5091
> 174869 1
H41 -2367849.9922 07009674.3942 -1519088.4907 -0000384.4428 00001697.6337 00007102.2266 02575503.0872 00017595.1039
> 174870 1
H41 -2368233.2434 07011080.4805 -1511985.5626 -0000382.0598 00001691.2392 00007103.6285 02571966.4842 00017536.4445
> 174871 1
H41 -2368614.1120 07012480.1743 -1504881.2359 -0000379.6774 00001684.8427 00007105.0239 02568441.2202 00017477.5302
> 174872 1
H41 -2368992.5984 07013873.4741 -1497775.5170 -0000377.2956 00001678.4444 00007106.4127 02564927.3459 00017418.3606
> 174873 1
H41 -2369368.7033 07015260.3781 -1490668.4127 -0000374.9143 00001672.0441 00007107.7949 02561424.9122 00017358.9351
> 174874 1
H41 -2369742.4272 07016640.8847 -1483559.9295 -0000372.5337 00001665.6419 00007109.1705 02557933.9700 00017299.2532
> 174875 1
H41 -2370113.7708 07018014.9924 -1476450.0739 -0000370.1536 00001659.2378 00007110.5395 02554454.5704 00017239.3144
> 174876 1
H41 -2370482.7347 07019382.6995 -1469338.8526 -0000367.7741 00001652.8319 00007111.9020 02550986.7645 00017179.1183
> 174877 1
H41 -2370849.3193 07020744.0044 -1462226.2721 -0000365.3953 00001646.4240 00007113.2579 02547530.6035 00017118.6642
> 174878 1
H41 -2371213.5254 07022098.9055 -1455112.3390 -0000363.0170 00001640.0142 00007114.6072 02544086.1390 00017057.9517
> 174879 1
H41 -2371575.3535 07023447.4012 -1447997.0598 -0000360.6393 00001633.6025 00007115.9500 02540653.4222 00016996.9804
> 174880 1
H41 -2371934.8043 07024789.4900 -1440880.4412 -0000358.2623 00001627.1890 00007117.2861 02537232.5049 00016935.7497
> 174881 1
H41 -2372291.8783 07026125.1702 -1433762.4898 -0000355.8858 00001620.7736 00007118.6157 02533823.4386 00016874.2593
> 174882 1
H41 -2372646.5761 07027454.4404 -1426643.2120 -0000353.5099 00001614.3564 00007119.9387 02530426.2752 00016812.5087
> 174883 1
H41 -2372998.8984 07028777.2988 -1419522.6146 -0000351.1347 00001607.9373 00007121.2551 02527041.0665 00016750.4973
> 174884 1
H41 -2373348.8457 07030093.7439 -1412400.7041 -0000348.7601 00001601.5163 00007122.5649 02523667.8644 00016688.2249
> 174885 1
H41 -2373696.4187 07031403.7743 -1405277.4871 -0000346.3860 00001595.0935 00007123.8681 02520306.7211 00016625.6909
> 174886 1
H41 -2374041.6180 07032707.3883 -1398152.9701 -0000344.0126 00001588.6688 00007125.1647 02516957.6886 00016562.8951
> 174887 1
H41 -2374384.4442 07034004.5844 -1391027.1598 -0000341.6399 00001582.2424 00007126.4548 02513620.8192 00016499.8368
> 174888 1
H41 -2374724.8979 07035295.3610 -1383900.0628 -0000339.2677 00001575.8141 00007127.7382 02510296.1651 00016436.5159
> 174889 1
H41 -2375062.9798 07036579.7166 -1376771.6856 -0000336.8962 00001569.3839 00007129.0151 02506983.7789 00016372.9319
> 174890 1
H41 -2375398.6904 07037857.6498 -1369642.0349 -0000334.5252 00001562.9520 00007130.2853 02503683.7129 00016309.0843
> 174891 1
H41 -2375732.0305 07039129.1589 -1362511.1172 -0000332.1550 00001556.5182 00007131.5490 02500396.0197 00016244.9730
> 174892 1
H41 -2376063.0005 07040394.2425 -1355378.9391 -0000329.7853 00001550.0827 00007132.8061 02497120.7520 00016180.5975
> 174893 1
H41 -2376391.6013 07041652.8990 -1348245.5073 -0000327.4163 00001543.6454 00007134.0565 02493857.9624 00016115.9574
> 174894 1
H41 -2376717.8334 07042905.1270 -1341110.8283 -0000325.0479 00001537.2062 00007135.3004 02490607.7038 00016051.0525
> 174895 1
H41 -2377041.6974 07044150.9249 -1333974.9087 -0000322.6802 00001530.7653 00007136.5377 02487370.0290 00015985.8825
> 174896 1
H41 -2377363.1939 07045390.2913 -1326837.7551 -0000320.3131 00001524.3226 00007137.7683 02484144.9909 00015920.4470
> 174897 1
H41 -2377682.3237 07046623.2246 -1319699.3742 -0000317.9466 00001517.8782 00007138.9924 02480932.6425 00015854.7458
> 174898 1
H41 -2377999.0874 07047849.7235 -1312559.7725 -0000315.5808 00001511.4319 00007140.2099 02477733.0369 00015788.7785
> 174899 1
H41 -2378313.4856 07049069.7863 -1305418.9567 -0000313.2157 00001504.9839 00007141.4207 02474546.2272 00015722.5449
> 174900 1
H41 -2378625.5190 07050283.4117 -1298276.9333 -0000310.8512 00001498.5342 00007142.6250 02471372.2665 00015656.0448
> 174901 1
H41 -2378935.1881 07051490.5982 -1291133.7090 -0000308.4873 00001492.0827 00007143.8226 02468211.2082 00015589.2778
> 174902 1
H41 -2379242.4938 07052691.3444 -1283989.2903 -0000306.1241 00001485.6295 00007145.0136 02465063.1054 00015522.2439
> 174903 1
H41 -2379547.4365 07053885.6487 -1276843.6839 -0000303.7615 00001479.1745 00007146.1981 02461928.0116 00015454.9427
> 174904 1
H41 -2379850.0171 07055073.5098 -1269696.8964 -0000301.3997 00001472.7178 00007147.3759 02458805.9801 00015387.3740
> 174905 1
H41 -2380150.2361 07056254.9262 -1262548.9343 -0000299.0384 00001466.2594 00007148.5471 02455697.0644 00015319.5377
> 174906 1
H41 -2380448.0942 07057429.8964 -1255399.8044 -0000296.6779 00001459.7993 00007149.7117 02452601.3180 00015251.4336
> 174907 1
H41 -2380743.5921 07058598.4191 -1248249.5132 -0000294.3180 00001453.3375 00007150.8697 02449518.7943 00015183.0615
> 174908 1
H41 -2381036.7304 07059760.4929 -1241098.0673 -0000291.9588 00001446.8739 00007152.0210 02446449.5470 00015114.4213
> 174909 1
H41 -2381327.5099 07060916.1162 -1233945.4733 -0000289.6002 00001440.4087 00007153.1658 02443393.6296 00015045.5128
> 174910 1
H41 -2381615.9311 07062065.2878 -1226791.7380 -0000287.2424 00001433.9418 00007154.3039 02440351.0958 00014976.3359
> 174911 1
H41 -2381901.9948 07063208.0062 -1219636.8678 -0000284.8852 00001427.4732 00007155.4354 02437321.9993 00014906.8904
> 174912 1
H41 -2382185.7017 07064344.2700 -1212480.8694 -0000282.5287 00001421.0029 00007156.5603 02434306.3938 00014837.1764
> 174913 1
H41 -2382467.0524 07065474.0778 -1205323.7494 -0000280.1728 00001414.5309 00007157.6786 02431304.3330 00014767.1937
> 174914 1
H41 -2382746.0476 07066597.4283 -1198165.5144 -0000277.8177 00001408.0573 00007158.7902 02428315.8706 00014696.9423
> 174915 1
H41 -2383022.6880 07067714.3200 -1191006.1711 -0000275.4632 00001401.5820 00007159.8953 02425341.0605 00014626.4220
> 174916 1
H41 -2383296.9743 07068824.7517 -1183845.7261 -0000273.1094 00001395.1051 00007160.9937 02422379.9563 00014555.6329
> 174917 1
H41 -2383568.9071 07069928.7219 -1176684.1860 -0000270.7564 00001388.6265 00007162.0854 02419432.6120 00014484.5749
> 174918 1
H41 -2383838.4872 07071026.2292 -1169521.5574 -0000268.4040 00001382.1462 00007163.1706 02416499.0813 00014413.2481
> 174919 1
H41 -2384105.7153 07072117.2724 -1162357.8470 -0000266.0523 00001375.6644 00007164.2491 02413579.4181 00014341.6524
> 174920 1
H41 -2384370.5920 07073201.8501 -1155193.0614 -0000263.7013 00001369.1809 00007165.3210 02410673.6761 00014269.7879
> 174921 1
H41 -2384633.1181 07074279.9609 -1148027.2072 -0000261.3510 00001362.6958 00007166.3863 02407781.9093 00014197.6546
> 174922 1
H41 -2384893.2942 07075351.6034 -1140860.2910 -0000259.0014 00001356.2090 00007167.4450 02404904.1714 00014125.2525
> 174923 1
H41 -2385151.1211 07076416.7765 -1133692.3195 -0000256.6525 00001349.7207 00007168.4970 02402040.5163 00014052.5818
> 174924 1
H41 -2385406.5995 07077475.4787 -1126523.2992 -0000254.3043 00001343.2307 00007169.5424 02399190.9978 00013979.6425
> 174925 1
H41 -2385659.7300 07078527.7088 -1119353.2370 -0000251.9569 00001336.7392 00007170.5811 02396355.6697 00013906.4347
> 174926 1
H41 -2385910.5135 07079573.4654 -1112182.1392 -0000249.6101 00001330.2460 00007171.6132 02393534.5858 00013832.9586
> 174927 1
H41 -2386158.9505 07080612.7472 -1105010.0127 -0000247.2641 00001323.7513 00007172.6387 02390727.7999 00013759.2143
> 174928 1
H41 -2386405.0418 07081645.5529 -1097836.8640 -0000244.9187 00001317.2550 00007173.6576 02387935.3657 00013685.2020
> 174929 1
H41 -2386648.7882 07082671.8813 -1090662.6998 -0000242.5741 00001310.7571 00007174.6698 02385157.3371 00013610.9217
> 174930 1
H41 -2386890.1904 07083691.7310 -1083487.5267 -0000240.2303 00001304.2577 00007175.6754 02382393.7676 00013536.3738
> 174931 1
H41 -2387129.2490 07084705.1007 -1076311.3513 -0000237.8871 00001297.7567 00007176.6743 02379644.7111 00013461.5584
> 174932 1
H41 -2387365.9648 07085711.9893 -1069134.1803 -0000235.5447 00001291.2541 00007177.6666 02376910.2210 00013386.4757
> 174933 1
H41 -2387600.3386 07086712.3954 -1061956.0203 -0000233.2030 00001284.7500 00007178.6523 02374190.3511 00013311.1260
> 174934 1
H41 -2387832.3710 07087706.3177 -1054776.8779 -0000230.8620 00001278.2443 00007179.6313 02371485.1550 00013235.5096
> 174935 1
H41 -2388062.0628 07088693.7551 -1047596.7599 -0000228.5218 00001271.7371 00007180.6037 02368794.6860 00013159.6268
> 174936 1
H41 -2388289.4147 07089674.7062 -1040415.6728 -0000226.1823 00001265.2284 00007181.5694 02366118.9978 00013083.4777
> 174937 1
H41 -2388514.4276 07090649.1698 -1033233.6233 -0000223.8435 00001258.7182 00007182.5285 02363458.1438 00013007.0628
> 174938 1
H41 -2388737.1020 07091617.1448 -1026050.6180 -0000221.5055 00001252.2064 00007183.4810 02360812.1772 00012930.3824
> 174939 1
H41 -2388957.4387 07092578.6297 -1018866.6636 -0000219.1682 00001245.6931 00007184.4268 02358181.1515 00012853.4368
> 174940 1
H41 -2389175.4386 07093533.6235 -1011681.7667 -0000216.8316 00001239.1783 00007185.3659 02355565.1199 00012776.2265
> 174941 1
H41 -2389391.1023 07094482.1249 -1004495.9339 -0000214.4959 00001232.6621 00007186.2984 02352964.1356 00012698.7517
> 174942 1
H41 -2389604.4305 07095424.1326 -0997309.1720 -0000212.1608 00001226.1443 00007187.2243 02350378.2517 00012621.0130
> 174943 1
H41 -2389815.4242 07096359.6456 -0990121.4875 -0000209.8265 00001219.6250 00007188.1435 02347807.5212 00012543.0107
> 174944 1
H41 -2390024.0839 07097288.6625 -0982932.8872 -0000207.4930 00001213.1043 00007189.0561 02345251.9971 00012464.7454
> 174945 1
H41 -2390230.4104 07098211.1822 -0975743.3776 -0000205.1602 00001206.5821 00007189.9620 02342711.7323 00012386.2173
> 174946 1
H41 -2390434.4045 07099127.2035 -0968552.9654 -0000202.8282 00001200.0584 00007190.8613 02340186.7796 00012307.4272
> 174947 1
H41 -2390636.0671 07100036.7252 -0961361.6572 -0000200.4969 00001193.5332 00007191.7539 02337677.1917 00012228.3754
> 174948 1
H41 -2390835.3987 07100939.7462 -0954169.4598 -0000198.1665 00001187.0066 00007192.6399 02335183.0213 00012149.0625
> 174949 1
H41 -2391032.4002 07101836.2652 -0946976.3797 -0000195.8367 00001180.4786 00007193.5192 02332704.3207 00012069.4891
> 174950 1
H41 -2391227.0724 07102726.2812 -0939782.4237 -0000193.5078 00001173.9491 00007194.3918 02330241.1425 00011989.6557
> 174951 1
H41 -2391419.4160 07103609.7928 -0932587.5983 -0000191.1796 00001167.4181 00007195.2578 02327793.5390 00011909.5629
> 174952 1
H41 -2391609.4318 07104486.7991 -0925391.9102 -0000188.8522 00001160.8858 00007196.1172 02325361.5624 00011829.2114
> 174953 1
H41 -2391797.1206 07105357.2988 -0918195.3662 -0000186.5255 00001154.3520 00007196.9699 02322945.2648 00011748.6017
> 174954 1
H41 -2391982.4832 07106221.2909 -0910997.9727 -0000184.1997 00001147.8168 00007197.8159 02320544.6980 00011667.7345
> 174955 1
H41 -2392165.5202 07107078.7741 -0903799.7366 -0000181.8746 00001141.2802 00007198.6553 02318159.9141 00011586.6105
> 174956 1
H41 -2392346.2326 07107929.7473 -0896600.6644 -0000179.5503 00001134.7421 00007199.4880 02315790.9648 00011505.2304
> 174957 1
H41 -2392524.6211 07108774.2095 -0889400.7629 -0000177.2268 00001128.2027 00007200.3140 02313437.9015 00011423.5949
> 174958 1
H41 -2392700.6864 07109612.1595 -0882200.0386 -0000174.9040 00001121.6619 00007201.1334 02311100.7759 00011341.7047
> 174959 1
H41 -2392874.4294 07110443.5961 -0874998.4982 -0000172.5821 00001115.1197 00007201.9462 02308779.6391 00011259.5606
> 174960 1
H41 -2393045.8509 07111268.5184 -0867796.1485 -0000170.2610 00001108.5761 00007202.7522 02306474.5425 00011177.1634
> 174961 1
H41 -2393214.9516 07112086.9252 -0860592.9960 -0000167.9406 00001102.0312 00007203.5516 02304185.5370 00011094.5140
> 174962 1
H41 -2393381.7324 07112898.8154 -0853389.0475 -0000165.6210 00001095.4848 00007204.3444 02301912.6735 00011011.6130
> 174963 1
H41 -2393546.1940 07113704.1879 -0846184.3095 -0000163.3023 00001088.9371 00007205.1305 02299656.0028 00010928.4614
> 174964 1
H41 -2393708.3372 07114503.0416 -0838978.7888 -0000160.9843 00001082.3881 00007205.9099 02297415.5754 00010845.0600
> 174965 1
H41 -2393868.1629 07115295.3755 -0831772.4920 -0000158.6672 00001075.8377 00007206.6826 02295191.4418 00010761.4097
> 174966 1
H41 -2394025.6718 07116081.1885 -0824565.4258 -0000156.3508 00001069.2860 00007207.4487 02292983.6521 00010677.5115
> 174967 1
H41 -2394180.8648 07116860.4796 -0817357.5968 -0000154.0353 00001062.7329 00007208.2081 02290792.2565 00010593.3662
> 174968 1
H41 -2394333.7427 07117633.2477 -0810149.0117 -0000151.7205 00001056.1785 00007208.9609 02288617.3048 00010508.9749
> 174969 1
H41 -2394484.3062 07118399.4917 -0802939.6773 -0000149.4066 00001049.6227 00007209.7069 02286458.8467 00010424.3385
> 174970 1
H41 -2394632.5562 07119159.2106 -0795729.6001 -0000147.0935 00001043.0657 00007210.4464 02284316.9318 00010339.4580
> 174971 1
H41 -2394778.4935 07119912.4033 -0788518.7868 -0000144.7812 00001036.5073 00007211.1791 02282191.6094 00010254.3344
> 174972 1
H41 -2394922.1189 07120659.0689 -0781307.2441 -0000142.4697 00001029.9477 00007211.9052 02280082.9286 00010168.9688
> 174973 1
H41 -2395063.4332 07121399.2063 -0774094.9787 -0000140.1591 00001023.3867 00007212.6246 02277990.9384 00010083.3623
> 174974 1
H41 -2395202.4374 07122132.8145 -0766881.9972 -0000137.8493 00001016.8244 00007213.3373 02275915.6874 00009997.5160
> 174975 1
H41 -2395339.1321 07122859.8925 -0759668.3063 -0000135.5403 00001010.2609 00007214.0433 02273857.2243 00009911.4309
> 174976 1
H41 -2395473.5182 07123580.4392 -0752453.9128 -0000133.2321 00001003.6961 00007214.7427 02271815.5973 00009825.1082
> 174977 1
H41 -2395605.5965 07124294.4537 -0745238.8231 -0000130.9247 00000997.1300 00007215.4354 02269790.8545 00009738.5491
> 174978 1
H41 -2395735.3679 07125001.9350 -0738023.0441 -0000128.6182 00000990.5626 00007216.1215 02267783.0438 00009651.7547
> 174979 1
H41 -2395862.8333 07125702.8821 -0730806.5824 -0000126.3126 00000983.9939 00007216.8008 02265792.2128 00009564.7264
> 174980 1
H41 -2395987.9933 07126397.2940 -0723589.4447 -0000124.0077 00000977.4241 00007217.4735 02263818.4089 00009477.4652
> 174981 1
H41 -2396110.8490 07127085.1698 -0716371.6377 -0000121.7037 00000970.8529 00007218.1395 02261861.6794 00009389.9725
> 174982 1
H41 -2396231.4010 07127766.5084 -0709153.1679 -0000119.4006 00000964.2805 00007218.7988 02259922.0711 00009302.2495
> 174983 1
H41 -2396349.6503 07128441.3089 -0701934.0422 -0000117.0982 00000957.7069 00007219.4515 02257999.6308 00009214.2975
> 174984 1
H41 -2396465.5978 07129109.5704 -0694714.2672 -0000114.7968 00000951.1321 00007220.0975 02256094.4048 00009126.1179
> 174985 1
H41 -2396579.2442 07129771.2918 -0687493.8496 -0000112.4961 00000944.5560 00007220.7367 02254206.4394 00009037.7121
> 174986 1
H41 -2396690.5903 07130426.4724 -0680272.7960 -0000110.1964 00000937.9787 00007221.3694 02252335.7805 00008949.0813
> 174987 1
H41 -2396799.6372 07131075.1110 -0673051.1131 -0000107.8975 00000931.4002 00007221.9953 02250482.4738 00008860.2269
> 174988 1
H41 -2396906.3855 07131717.2069 -0665828.8076 -0000105.5994 00000924.8205 00007222.6145 02248646.5646 00008771.1505
> 174989 1
H41 -2397010.8362 07132352.7590 -0658605.8862 -0000103.3022 00000918.2396 00007223.2271 02246828.0981 00008681.8534
> 174990 1
H41 -2397112.9902 07132981.7664 -0651382.3556 -0000101.0058 00000911.6575 00007223.8330 02245027.1191 00008592.3371
> 174991 1
H41 -2397212.8482 07133604.2283 -0644158.2224 -0000098.7103 00000905.0742 00007224.4322 02243243.6722 00008502.6030
> 174992 1
H41 -2397310.4112 07134220.1437 -0636933.4934 -0000096.4157 00000898.4897 00007225.0247 02241477.8016 00008412.6528
> 174993 1
H41 -2397405.6799 07134829.5117 -0629708.1752 -0000094.1220 00000891.9041 00007225.6106 02239729.5514 00008322.4879
> 174994 1
H41 -2397498.6554 07135432.3314 -0622482.2745 -0000091.8291 00000885.3173 00007226.1897 02237998.9652 00008232.1098
> 174995 1
H41 -2397589.3384 07136028.6020 -0615255.7979 -0000089.5371 00000878.7293 00007226.7622 02236286.0864 00008141.5203
> 174996 1
H41 -2397677.7298 07136618.3225 -0608028.7523 -0000087.2459 00000872.1402 00007227.3280 02234590.9581 00008050.7208
> 174997 1
H41 -2397763.8305 07137201.4921 -0600801.1441 -0000084.9557 00000865.5499 00007227.8871 02232913.6231 00007959.7129
> 174998 1
H41 -2397847.6414 07137778.1099 -0593572.9803 -0000082.6663 00000858.9585 00007228.4395 02231254.1238 00007868.4985
> 174999 1
H41 -2397929.1633 07138348.1751 -0586344.2673 -0000080.3778 00000852.3660 00007228.9853 02229612.5024 00007777.0790
> 175000 1
H41 -2398008.3972 07138911.6867 -0579115.0120 -0000078.0901 00000845.7723 00007229.5243 02227988.8007 00007685.4562
> 175001 1
H41 -2398085.3439 07139468.6440 -0571885.2210 -0000075.8034 00000839.1775 00007230.0567 02226383.0602 00007593.6318
> 175002 1
H41 -2398160.0042 07140019.0460 -0564654.9009 -0000073.5175 00000832.5816 00007230.5823 02224795.3220 00007501.6076
> 175003 1
H41 -2398232.3792 07140562.8920 -0557424.0586 -0000071.2325 00000825.9845 00007231.1013 02223225.6269 00007409.3854
> 175004 1
H41 -2398302.4696 07141100.1811 -0550192.7006 -0000068.9485 00000819.3864 00007231.6136 02221674.0155 00007316.9668
> 175005 1
H41 -2398370.2764 07141630.9125 -0542960.8336 -0000066.6653 00000812.7871 00007232.1192 02220140.5278 00007224.3537
> 175006 1
H41 -2398435.8005 07142155.0854 -0535728.4644 -0000064.3830 00000806.1868 00007232.6181 02218625.2036 00007131.5480
> 175007 1
H41 -2398499.0427 07142672.6989 -0528495.5996 -0000062.1016 00000799.5854 00007233.1103 02217128.0825 00007038.5515
> 175008 1
H41 -2398560.0040 07143183.7523 -0521262.2460 -0000059.8211 00000792.9829 00007233.5958 02215649.2033 00006945.3660
> 175009 1
H41 -2398618.6852 07143688.2447 -0514028.4102 -0000057.5415 00000786.3793 00007234.0747 02214188.6049 00006851.9936
> 175010 1
H41 -2398675.0873 07144186.1753 -0506794.0989 -0000055.2628 00000779.7747 00007234.5468 02212746.3255 00006758.4359
> 175011 1
H41 -2398729.2112 07144677.5434 -0499559.3187 -0000052.9850 00000773.1690 00007235.0123 02211322.4032 00006664.6952
> 175012 1
H41 -2398781.0577 07145162.3482 -0492324.0765 -0000050.7082 00000766.5623 00007235.4711 02209916.8755 00006570.7732
> 175013 1
H41 -2398830.6278 07145640.5888 -0485088.3789 -0000048.4322 00000759.9545 00007235.9231 02208529.7795 00006476.6719
> 175014 1
H41 -2398877.9224 07146112.2646 -0477852.2325 -0000046.1571 00000753.3456 00007236.3685 02207161.1522 00006382.3935
> 175015 1
H41 -2398922.9424 07146577.3747 -0470615.6441 -0000043.8830 00000746.7358 00007236.8072 02205811.0300 00006287.9398
> 175016 1
H41 -2398965.6887 07147035.9184 -0463378.6204 -0000041.6098 00000740.1249 00007237.2392 02204479.4488 00006193.3130
> 175017 1
H41 -2399006.1623 07147487.8950 -0456141.1680 -0000039.3375 00000733.5129 00007237.6645 02203166.4444 00006098.5151
> 175018 1
H41 -2399044.3640 07147933.3036 -0448903.2937 -0000037.0661 00000726.9000 00007238.0831 02201872.0519 00006003.5481
> 175019 1
H41 -2399080.2948 07148372.1436 -0441665.0041 -0000034.7957 00000720.2861 00007238.4950 02200596.3061 00005908.4143
> 175020 1
H41 -2399113.9557 07148804.4142 -0434426.3060 -0000032.5261 00000713.6711 00007238.9002 02199339.2416 00005813.1158
> 175021 1
H41 -2399145.3474 07149230.1148 -0427187.2061 -0000030.2575 00000707.0552 00007239.2987 02198100.8922 00005717.6546
> 175022 1
H41 -2399174.4711 07149649.2444 -0419947.7109 -0000027.9899 00000700.4382 00007239.6905 02196881.2916 00005622.0330
> 175023 1
H41 -2399201.3275 07150061.8025 -0412707.8273 -0000025.7231 00000693.8203 00007240.0756 02195680.4728 00005526.2531
> 175024 1
H41 -2399225.9177 07150467.7884 -0405467.5620 -0000023.4573 00000687.2014 00007240.4540 02194498.4687 00005430.3173
> 175025 1
H41 -2399248.2425 07150867.2013 -0398226.9215 -0000021.1925 00000680.5815 00007240.8257 02193335.3116 00005334.2275
> 175026 1
H41 -2399268.3029 07151260.0405 -0390985.9127 -0000018.9286 00000673.9607 00007241.1908 02192191.0332 00005237.9863
> 175027 1
H41 -2399286.0999 07151646.3054 -0383744.5422 -0000016.6656 00000667.3389 00007241.5491 02191065.6650 00005141.5957
> 175028 1
H41 -2399301.6344 07152025.9953 -0376502.8168 -0000014.4035 00000660.7161 00007241.9007 02189959.2380 00005045.0582
> 175029 1
H41 -2399314.9073 07152399.1094 -0369260.7430 -0000012.1424 00000654.0924 00007242.2456 02188871.7828 00004948.3759
> 175030 1
H41 -2399325.9196 07152765.6471 -0362018.3277 -0000009.8823 00000647.4678 00007242.5839 02187803.3293 00004851.5513
> 175031 1
H41 -2399334.6722 07153125.6078 -0354775.5775 -0000007.6231 00000640.8422 00007242.9154 02186753.9072 00004754.5866
> 175032 1
H41 -2399341.1661 07153478.9908 -0347532.4991 -0000005.3649 00000634.2157 00007243.2402 02185723.5457 00004657.4843
> 175033 1
H41 -2399345.4022 07153825.7954 -0340289.0993 -0000003.1076 00000627.5883 00007243.5584 02184712.2736 00004560.2467
> 175034 1
H41 -2399347.3815 07154166.0210 -0333045.3847 -0000000.8512 00000620.9600 00007243.8698 02183720.1189 00004462.8762
> 175035 1
H41 -2399347.1050 07154499.6669 -0325801.3620 00000001.4041 00000614.3307 00007244.1745 02182747.1096 00004365.3752
> 175036 1
H41 -2399344.5736 07154826.7325 -0318557.0379 00000003.6586 00000607.7006 00007244.4725 02181793.2728 00004267.7461
> 175037 1
H41 -2399339.7882 07155147.2172 -0311312.4191 00000005.9120 00000601.0695 00007244.7639 02180858.6355 00004169.9915
> 175038 1
H41 -2399332.7499 07155461.1203 -0304067.5124 00000008.1645 00000594.4376 00007245.0485 02179943.2239 00004072.1137
> 175039 1
H41 -2399323.4596 07155768.4413 -0296822.3244 00000010.4160 00000587.8048 00007245.3264 02179047.0640 00003974.1153
> 175040 1
H41 -2399311.9182 07156069.1795 -0289576.8618 00000012.6665 00000581.1711 00007245.5976 02178170.1811 00003875.9987
> 175041 1
H41 -2399298.1268 07156363.3343 -0282331.1314 00000014.9161 00000574.5365 00007245.8621 02177312.6000 00003777.7665
> 175042 1
H41 -2399282.0863 07156650.9051 -0275085.1398 00000017.1647 00000567.9011 00007246.1200 02176474.3453 00003679.4211
> 175043 1
H41 -2399263.7977 07156931.8913 -0267838.8937 00000019.4123 00000561.2648 00007246.3711 02175655.4407 00003580.9651
> 175044 1
H41 -2399243.2619 07157206.2924 -0260592.3999 00000021.6590 00000554.6277 00007246.6155 02174855.9097 00003482.4012
> 175045 1
H41 -2399220.4800 07157474.1078 -0253345.6650 00000023.9047 00000547.9897 00007246.8532 02174075.7751 00003383.7318
> 175046 1
H41 -2399195.4529 07157735.3368 -0246098.6957 00000026.1493 00000541.3509 00007247.0842 02173315.0595 00003284.9595
> 175047 1
H41 -2399168.1816 07157989.9789 -0238851.4989 00000028.3930 00000534.7113 00007247.3085 02172573.7846 00003186.0870
> 175048 1
H41 -2399138.6672 07158238.0336 -0231604.0810 00000030.6358 00000528.0708 00007247.5261 02171851.9718 00003087.1168
> 175049 1
H41 -2399106.9105 07158479.5003 -0224356.4490 00000032.8775 00000521.4295 00007247.7370 02171149.6420 00002988.0516
> 175050 1
H41 -2399072.9125 07158714.3785 -0217108.6093 00000035.1182 00000514.7874 00007247.9411 02170466.8155 00002888.8941
> 175051 1
H41 -2399036.6744 07158942.6676 -0209860.5689 00000037.3579 00000508.1445 00007248.1386 02169803.5122 00002789.6468
> 175052 1
H41 -2398998.1970 07159164.3670 -0202612.3343 00000039.5967 00000501.5008 00007248.3294 02169159.7514 00002690.3124
> 175053 1
H41 -2398957.4813 07159379.4763 -0195363.9123 00000041.8344 00000494.8563 00007248.5135 02168535.5518 00002590.8937
> 175054 1
H41 -2398914.5284 07159587.9949 -0188115.3096 00000044.0712 00000488.2110 00007248.6908 02167930.9318 00002491.3933
> 175055 1
H41 -2398869.3393 07159789.9223 -0180866.5329 00000046.3069 00000481.5649 00007248.8615 02167345.9089 00002391.8139
> 175056 1
H41 -2398821.9149 07159985.2580 -0173617.5889 00000048.5417 00000474.9181 00007249.0254 02166780.5005 00002292.1582
> 175057 1
H41 -2398772.2563 07160174.0014 -0166368.4843 00000050.7754 00000468.2704 00007249.1827 02166234.7232 00002192.4290
> 175058 1
H41 -2398720.3644 07160356.1522 -0159119.2257 00000053.0081 00000461.6221 00007249.3332 02165708.5931 00002092.6289
> 175059 1
H41 -2398666.2404 07160531.7097 -0151869.8200 00000055.2398 00000454.9729 00007249.4771 02165202.1259 00001992.7608
> 175060 1
H41 -2398609.8851 07160700.6736 -0144620.2738 00000057.4705 00000448.3230 00007249.6142 02164715.3365 00001892.8273
> 175061 1
H41 -2398551.2996 07160863.0432 -0137370.5938 00000059.7002 00000441.6724 00007249.7446 02164248.2394 00001792.8313
> 175062 1
H41 -2398490.4849 07161018.8182 -0130120.7868 00000061.9289 00000435.0210 00007249.8684 02163800.8488 00001692.7755
> 175063 1
H41 -2398427.4421 07161167.9981 -0122870.8594 00000064.1566 00000428.3690 00007249.9854 02163373.1778 00001592.6626
> 175064 1
H41 -2398362.1722 07161310.5825 -0115620.8183 00000066.3832 00000421.7161 00007250.0957 02162965.2396 00001492.4956
> 175065 1
H41 -2398294.6761 07161446.5707 -0108370.6703 00000068.6088 00000415.0626 00007250.1993 02162577.0462 00001392.2771
> 175066 1
H41 -2398224.9549 07161575.9625 -0101120.4220 00000070.8334 00000408.4084 00007250.2962 02162208.6096 00001292.0100
> 175067 1
H41 -2398153.0096 07161698.7574 -0093870.0802 00000073.0569 00000401.7534 00007250.3864 02161859.9410 00001191.6971
> 175068 1
H41 -2398078.8413 07161814.9548 -0086619.6515 00000075.2795 00000395.0978 00007250.4698 02161531.0510 00001091.3411
> 175069 1
H41 -2398002.4510 07161924.5545 -0079369.1427 00000077.5010 00000388.4414 00007250.5466 02161221.9498 00000990.9450
> 175070 1
H41 -2397923.8398 07162027.5560 -0072118.5605 00000079.7214 00000381.7844 00007250.6167 02160932.6468 00000890.5116
> 175071 1
H41 -2397843.0085 07162123.9588 -0064867.9116 00000081.9409 00000375.1267 00007250.6800 02160663.1511 00000790.0436
> 175072 1
H41 -2397759.9584 07162213.7626 -0057617.2027 00000084.1592 00000368.4683 00007250.7367 02160413.4712 00000689.5440
> 175073 1
H41 -2397674.6904 07162296.9669 -0050366.4405 00000086.3766 00000361.8093 00007250.7866 02160183.6149 00000589.0156
> 175074 1
H41 -2397587.2055 07162373.5713 -0043115.6317 00000088.5929 00000355.1496 00007250.8299 02159973.5895 00000488.4611
> 175075 1
H41 -2397497.5049 07162443.5755 -0035864.7830 00000090.8082 00000348.4892 00007250.8664 02159783.4018 00000387.8836
> 175076 1
H41 -2397405.5896 07162506.9790 -0028613.9012 00000093.0224 00000341.8282 00007250.8962 02159613.0580 00000287.2858
> 175077 1
H41 -2397311.4605 07162563.7815 -0021362.9929 00000095.2355 00000335.1666 00007250.9193 02159462.5638 00000186.6705
> 175078 1
H41 -2397215.1188 07162613.9827 -0014112.0648 00000097.4477 00000328.5043 00007250.9357 02159331.9241 00000086.0408
> 175079 1
H41 -2397116.5655 07162657.5820 -0006861.1236 00000099.6587 00000321.8414 00007250.9454 02159221.1435 -0000014.6007
> 175080 1
H41 -2397015.8017 07162694.5792 00000389.8239 00000101.8687 00000315.1778 00007250.9484 02159130.2259 -0000115.2509
> 175081 1
H41 -2396912.8284 07162724.9740 00007640.7710 00000104.0777 00000308.5137 00007250.9447 02159059.1747 -0000215.9071
> 175082 1
H41 -2396807.6467 07162748.7658 00014891.7110 00000106.2856 00000301.8489 00007250.9343 02159007.9927 -0000316.5664
> 175083 1
H41 -2396700.2576 07162765.9546 00022142.6373 00000108.4924 00000295.1836 00007250.9172 02158976.6822 -0000417.2259
> 175084 1
H41 -2396590.6621 07162776.5398 00029393.5431 00000110.6982 00000288.5176 00007250.8933 02158965.2447 -0000517.8827
> 175085 1
H41 -2396478.8615 07162780.5211 00036644.4217 00000112.9029 00000281.8511 00007250.8628 02158973.6815 -0000618.5339
> 175086 1
H41 -2396364.8567 07162777.8983 00043895.2665 00000115.1066 00000275.1840 00007250.8255 02159001.9930 -0000719.1768
> 175087 1
H41 -2396248.6488 07162768.6710 00051146.0706 00000117.3091 00000268.5163 00007250.7816 02159050.1791 -0000819.8083
> 175088 1
H41 -2396130.2388 07162752.8388 00058396.8274 00000119.5106 00000261.8480 00007250.7309 02159118.2394 -0000920.4257
> 175089 1
H41 -2396009.6279 07162730.4016 00065647.5302 00000121.7110 00000255.1792 00007250.6735 02159206.1726 -0001021.0261
> 175090 1
H41 -2395886.8171 07162701.3589 00072898.1722 00000123.9104 00000248.5098 00007250.6095 02159313.9770 -0001121.6065
> 175091 1
H41 -2395761.8074 07162665.7106 00080148.7468 00000126.1087 00000241.8398 00007250.5387 02159441.6503 -0001222.1642
> 175092 1
H41 -2395634.6001 07162623.4562 00087399.2473 00000128.3059 00000235.1694 00007250.4612 02159589.1897 -0001322.6963
> 175093 1
H41 -2395505.1960 07162574.5956 00094649.6669 00000130.5020 00000228.4983 00007250.3770 02159756.5916 -0001423.2000
> 175094 1
H41 -2395373.5965 07162519.1284 00101899.9990 00000132.6970 00000221.8268 00007250.2861 02159943.8520 -0001523.6722
> 175095 1
H41 -2395239.8024 07162457.0544 00109150.2368 00000134.8910 00000215.1547 00007250.1885 02160150.9665 -0001624.1103
> 175096 1
H41 -2395103.8149 07162388.3733 00116400.3737 00000137.0838 00000208.4821 00007250.0841 02160377.9299 -0001724.5114
> 175097 1
H41 -2394965.6351 07162313.0848 00123650.4029 00000139.2756 00000201.8090 00007249.9731 02160624.7365 -0001824.8726
> 175098 1
H41 -2394825.2641 07162231.1888 00130900.3177 00000141.4663 00000195.1354 00007249.8554 02160891.3800 -0001925.1911
> 175099 1
H41 -2394682.7030 07162142.6849 00138150.1114 00000143.6558 00000188.4612 00007249.7309 02161177.8536 -0002025.4641
> 175100 1
H41 -2394537.9528 07162047.5730 00145399.7773 00000145.8443 00000181.7866 00007249.5998 02161484.1499 -0002125.6886
> 175101 1
H41 -2394391.0147 07161945.8528 00152649.3087 00000148.0317 00000175.1115 00007249.4619 02161810.2610 -0002225.8620
> 175102 1
H41 -2394241.8897 07161837.5240 00159898.6989 00000150.2180 00000168.4359 00007249.3174 02162156.1784 -0002325.9814
> 175103 1
H41 -2394090.5791 07161722.5865 00167147.9412 00000152.4032 00000161.7599 00007249.1661 02162521.8930 -0002426.0440
> 175104 1
H41 -2393937.0837 07161601.0400 00174397.0289 00000154.5873 00000155.0834 00007249.0081 02162907.3953 -0002526.0470
> 175105 1
H41 -2393781.4049 07161472.8843 00181645.9553 00000156.7702 00000148.4064 00007248.8435 02163312.6750 -0002625.9876
> 175106 1
H41 -2393623.5436 07161338.1193 00188894.7136 00000158.9521 00000141.7289 00007248.6721 02163737.7214 -0002725.8630
> 175107 1
H41 -2393463.5011 07161196.7447 00196143.2972 00000161.1329 00000135.0510 00007248.4940 02164182.5233 -0002825.6704
> 175108 1
H41 -2393301.2783 07161048.7604 00203391.6994 00000163.3125 00000128.3727 00007248.3092 02164647.0687 -0002925.4072
> 175109 1
H41 -2393136.8764 07160894.1661 00210639.9134 00000165.4910 00000121.6939 00007248.1177 02165131.3455 -0003025.0704
> 175110 1
H41 -2392970.2966 07160732.9617 00217887.9326 00000167.6685 00000115.0148 00007247.9195 02165635.3405 -0003124.6574
> 175111 1
H41 -2392801.5399 07160565.1471 00225135.7502 00000169.8448 00000108.3351 00007247.7146 02166159.0404 -0003224.1655
> 175112 1
H41 -2392630.6074 07160390.7220 00232383.3595 00000172.0199 00000101.6551 00007247.5030 02166702.4312 -0003323.5919
> 175113 1
H41 -2392457.5004 07160209.6863 00239630.7539 00000174.1940 00000094.9747 00007247.2847 02167265.4982 -0003422.9338
> 175114 1
H41 -2392282.2198 07160022.0398 00246877.9267 00000176.3669 00000088.2938 00007247.0597 02167848.2265 -0003522.1887
> 175115 1
H41 -2392104.7669 07159827.7825 00254124.8710 00000178.5387 00000081.6126 00007246.8279 02168450.6003 -0003621.3537
> 175116 1
H41 -2391925.1428 07159626.9141 00261371.5803 00000180.7094 00000074.9309 00007246.5895 02169072.6036 -0003720.4263
> 175117 1
H41 -2391743.3485 07159419.4346 00268618.0478 00000182.8789 00000068.2489 00007246.3444 02169714.2195 -0003819.4036
> 175118 1
H41 -2391559.3853 07159205.3437 00275864.2668 00000185.0473 00000061.5665 00007246.0926 02170375.4309 -0003918.2832
> 175119 1
H41 -2391373.2542 07158984.6415 00283110.2307 00000187.2146 00000054.8837 00007245.8340 02171056.2201 -0004017.0623
> 175120 1
H41 -2391184.9564 07158757.3277 00290355.9326 00000189.3808 00000048.2006 00007245.5688 02171756.5687 -0004115.7383
> 175121 1
H41 -2390994.4931 07158523.4023 00297601.3660 00000191.5458 00000041.5171 00007245.2968 02172476.4579 -0004214.3086
> 175122 1
H41 -2390801.8653 07158282.8652 00304846.5241 00000193.7096 00000034.8333 00007245.0182 02173215.8685 -0004312.7705
> 175123 1
H41 -2390607.0742 07158035.7163 00312091.4002 00000195.8723 00000028.1491 00007244.7329 02173974.7805 -0004411.1216
> 175124 1
H41 -2390410.1210 07157781.9554 00319335.9876 00000198.0339 00000021.4646 00007244.4408 02174753.1736 -0004509.3591
> 175125 1
H41 -2390211.0067 07157521.5826 00326580.2796 00000200.1944 00000014.7797 00007244.1421 02175551.0269 -0004607.4806
> 175126 1
H41 -2390009.7327 07157254.5977 00333824.2695 00000202.3536 00000008.0945 00007243.8366 02176368.3190 -0004705.4835
> 175127 1
H41 -2389806.2999 07156981.0006 00341067.9506 00000204.5118 00000001.4090 00007243.5245 02177205.0281 -0004803.3652
> 175128 1
H41 -2389600.7095 07156700.7913 00348311.3162 00000206.6687 -0000005.2768 00007243.2056 02178061.1318 -0004901.1233
> 175129 1
H41 -2389392.9628 07156413.9698 00355554.3596 00000208.8246 -0000011.9630 00007242.8801 02178936.6070 -0004998.7552
> 175130 1
H41 -2389183.0608 07156120.5360 00362797.0741 00000210.9792 -0000018.6494 00007242.5478 02179831.4305 -0005096.2585
> 175131 1
H41 -2388971.0047 07155820.4898 00370039.4530 00000213.1327 -0000025.3361 00007242.2089 02180745.5784 -0005193.6306
> 175132 1
H41 -2388756.7957 07155513.8313 00377281.4896 00000215.2851 -0000032.0231 00007241.8632 02181679.0262 -0005290.8692
> 175133 1
H41 -2388540.4349 07155200.5603 00384523.1772 00000217.4363 -0000038.7104 00007241.5109 02182631.7490 -0005387.9718
> 175134 1
H41 -2388321.9235 07154880.6768 00391764.5092 00000219.5863 -0000045.3980 00007241.1518 02183603.7216 -0005484.9359
> 175135 1
H41 -2388101.2627 07154554.1809 00399005.4787 00000221.7351 -0000052.0858 00007240.7861 02184594.9181 -0005581.7593
> 175136 1
H41 -2387878.4536 07154221.0725 00406246.0791 00000223.8828 -0000058.7739 00007240.4137 02185605.3121 -0005678.4394
> 175137 1
H41 -2387653.4974 07153881.3517 00413486.3037 00000226.0294 -0000065.4623 00007240.0345 02186634.8769 -0005774.9739
> 175138 1
H41 -2387426.3953 07153535.0183 00420726.1459 00000228.1747 -0000072.1509 00007239.6487 02187683.5851 -0005871.3605
> 175139 1
H41 -2387197.1484 07153182.0724 00427965.5989 00000230.3189 -0000078.8397 00007239.2561 02188751.4091 -0005967.5968
> 175140 1
H41 -2386965.7580 07152822.5141 00435204.6560 00000232.4619 -0000085.5288 00007238.8569 02189838.3205 -0006063.6806
> 175141 1
H41 -2386732.2251 07152456.3433 00442443.3105 00000234.6037 -0000092.2181 00007238.4510 02190944.2909 -0006159.6095
> 175142 1
H41 -2386496.5510 07152083.5601 00449681.5557 00000236.7443 -0000098.9077 00007238.0384 02192069.2909 -0006255.3812
> 175143 1
H41 -2386258.7369 07151704.1645 00456919.3850 00000238.8838 -0000105.5974 00007237.6190 02193213.2911 -0006350.9936
> 175144 1
H41 -2386018.7839 07151318.1566 00464156.7916 00000241.0220 -0000112.2874 00007237.1930 02194376.2614 -0006446.4443
> 175145 1
H41 -2385776.6932 07150925.5363 00471393.7688 00000243.1591 -0000118.9776 00007236.7603 02195558.1713 -0006541.7312
> 175146 1
H41 -2385532.4661 07150526.3037 00478630.3100 00000245.2950 -0000125.6679 00007236.3209 02196758.9900 -0006636.8521
> 175147 1
H41 -2385286.1036 07150120.4590 00485866.4084 00000247.4297 -0000132.3585 00007235.8748 02197978.6859 -0006731.8047
> 175148 1
H41 -2385037.6070 07149708.0021 00493102.0574 00000249.5632 -0000139.0492 00007235.4220 02199217.2275 -0006826.5870
> 175149 1
H41 -2384786.9775 07149288.9331 00500337.2503 00000251.6955 -0000145.7402 00007234.9626 02200474.5823 -0006921.1968
> 175150 1
H41 -2384534.2163 07148863.2521 00507571.9803 00000253.8267 -0000152.4312 00007234.4964 02201750.7177 -0007015.6319
> 175151 1
H41 -2384279.3246 07148430.9591 00514806.2408 00000255.9566 -0000159.1225 00007234.0235 02203045.6008 -0007109.8903
> 175152 1
H41 -2384022.3035 07147992.0544 00522040.0251 00000258.0853 -0000165.8139 00007233.5440 02204359.1979 -0007203.9700
> 175153 1
H41 -2383763.1543 07147546.5378 00529273.3265 00000260.2128 -0000172.5055 00007233.0577 02205691.4751 -0007297.8688
> 175154 1
H41 -2383501.8782 07147094.4097 00536506.1383 00000262.3392 -0000179.1972 00007232.5648 02207042.3982 -0007391.5847
> 175155 1
H41 -2383238.4764 07146635.6700 00543738.4538 00000264.4643 -0000185.8891 00007232.0651 02208411.9324 -0007485.1157
> 175156 1
H41 -2382972.9501 07146170.3188 00550970.2664 00000266.5882 -0000192.5811 00007231.5588 02209800.0425 -0007578.4599
> 175157 1
H41 -2382705.3004 07145698.3564 00558201.5693 00000268.7109 -0000199.2732 00007231.0458 02211206.6930 -0007671.6153
> 175158 1
H41 -2382435.5287 07145219.7827 00565432.3558 00000270.8324 -0000205.9654 00007230.5261 02212631.8480 -0007764.5799
> 175159 1
H41 -2382163.6361 07144734.5980 00572662.6193 00000272.9527 -0000212.6578 00007229.9997 02214075.4712 -0007857.3517
> 175160 1
H41 -2381889.6238 07144242.8024 00579892.3530 00000275.0717 -0000219.3502 00007229.4667 02215537.5258 -0007949.9290
> 175161 1
H41 -2381613.4931 07143744.3960 00587121.5504 00000277.1896 -0000226.0428 00007228.9269 02217017.9748 -0008042.3099
> 175162 1
H41 -2381335.2451 07143239.3790 00594350.2046 00000279.3062 -0000232.7354 00007228.3804 02218516.7806 -0008134.4924
> 175163 1
H41 -2381054.8811 07142727.7515 00601578.3090 00000281.4216 -0000239.4282 00007227.8273 02220033.9055 -0008226.4747
> 175164 1
H41 -2380772.4024 07142209.5137 00608805.8570 00000283.5358 -0000246.1210 00007227.2675 02221569.3112 -0008318.2551
> 175165 1
H41 -2380487.8100 07141684.6657 00616032.8418 00000285.6487 -0000252.8139 00007226.7010 02223122.9593 -0008409.8317
> 175166 1
H41 -2380201.1054 07141153.2078 00623259.2567 00000287.7604 -0000259.5069 00007226.1278 02224694.8106 -0008501.2027
> 175167 1
H41 -2379912.2896 07140615.1401 00630485.0951 00000289.8709 -0000266.1999 00007225.5479 02226284.8260 -0008592.3666
> 175168 1
H41 -2379621.3639 07140070.4628 00637710.3503 00000291.9802 -0000272.8930 00007224.9614 02227892.9657 -0008683.3214
> 175169 1
H41 -2379328.3296 07139519.1761 00644935.0156 00000294.0882 -0000279.5861 00007224.3681 02229519.1899 -0008774.0656
> 175170 1
H41 -2379033.1878 07138961.2802 00652159.0843 00000296.1950 -0000286.2793 00007223.7682 02231163.4582 -0008864.5974
> 175171 1
H41 -2378735.9399 07138396.7753 00659382.5497 00000298.3006 -0000292.9725 00007223.1616 02232825.7299 -0008954.9152
> 175172 1
H41 -2378436.5870 07137825.6616 00666605.4052 00000300.4049 -0000299.6658 00007222.5483 02234505.9640 -0009045.0174
> 175173 1
H41 -2378135.1305 07137247.9394 00673827.6440 00000302.5080 -0000306.3590 00007221.9283 02236204.1193 -0009134.9023
> 175174 1
H41 -2377831.5714 07136663.6088 00681049.2596 00000304.6099 -0000313.0523 00007221.3017 02237920.1539 -0009224.5685
> 175175 1
H41 -2377525.9111 07136072.6701 00688270.2451 00000306.7105 -0000319.7456 00007220.6683 02239654.0260 -0009314.0143
> 175176 1
H41 -2377218.1509 07135475.1235 00695490.5940 00000308.8098 -0000326.4389 00007220.0283 02241405.6933 -0009403.2381
> 175177 1
H41 -2376908.2919 07134870.9692 00702710.2995 00000310.9079 -0000333.1322 00007219.3816 02243175.1132 -0009492.2386
> 175178 1
H41 -2376596.3355 07134260.2076 00709929.3550 00000313.0048 -0000339.8255 00007218.7283 02244962.2428 -0009581.0142
> 175179 1
H41 -2376282.2828 07133642.8389 00717147.7538 00000315.1004 -0000346.5188 00007218.0682 02246767.0389 -0009669.5634
> 175180 1
H41 -2375966.1351 07133018.8633 00724365.4892 00000317.1947 -0000353.2120 00007217.4015 02248589.4580 -0009757.8848
> 175181 1
H41 -2375647.8937 07132388.2811 00731582.5546 00000319.2878 -0000359.9053 00007216.7281 02250429.4562 -0009845.9770
> 175182 1
H41 -2375327.5599 07131751.0925 00738798.9432 00000321.3797 -0000366.5984 00007216.0480 02252286.9896 -0009933.8386
> 175183 1
H41 -2375005.1348 07131107.2980 00746014.6484 00000323.4703 -0000373.2916 00007215.3613 02254162.0137 -0010021.4682
> 175184 1
H41 -2374680.6198 07130456.8976 00753229.6635 00000325.5596 -0000379.9847 00007214.6678 02256054.4840 -0010108.8645
> 175185 1
H41 -2374354.0160 07129799.8918 00760443.9818 00000327.6476 -0000386.6778 00007213.9677 02257964.3554 -0010196.0262
> 175186 1
H41 -2374025.3249 07129136.2809 00767657.5968 00000329.7344 -0000393.3707 00007213.2610 02259891.5829 -0010282.9519
> 175187 1
H41 -2373694.5476 07128466.0651 00774870.5016 00000331.8200 -0000400.0637 00007212.5475 02261836.1209 -0010369.6404
> 175188 1
H41 -2373361.6854 07127789.2448 00782082.6896 00000333.9042 -0000406.7565 00007211.8274 02263797.9239 -0010456.0904
> 175189 1
H41 -2373026.7396 07127105.8202 00789294.1542 00000335.9872 -0000413.4493 00007211.1006 02265776.9457 -0010542.3008
> 175190 1
H41 -2372689.7114 07126415.7917 00796504.8886 00000338.0689 -0000420.1420 00007210.3672 02267773.1403 -0010628.2702
> 175191 1
H41 -2372350.6022 07125719.1597 00803714.8863 00000340.1494 -0000426.8346 00007209.6270 02269786.4611 -0010713.9976
> 175192 1
H41 -2372009.4131 07125015.9244 00810924.1405 00000342.2285 -0000433.5271 00007208.8802 02271816.8614 -0010799.4817
> 175193 1
H41 -2371666.1455 07124306.0863 00818132.6445 00000344.3064 -0000440.2194 00007208.1268 02273864.2944 -0010884.7214
> 175194 1
H41 -2371320.8007 07123589.6456 00825340.3918 00000346.3830 -0000446.9117 00007207.3666 02275928.7129 -0010969.7156
> 175195 1
H41 -2370973.3799 07122866.6027 00832547.3756 00000348.4584 -0000453.6039 00007206.5999 02278010.0694 -0011054.4633
> 175196 1
H41 -2370623.8844 07122136.9580 00839753.5893 00000350.5324 -0000460.2959 00007205.8264 02280108.3163 -0011138.9634
> 175197 1
H41 -2370272.3156 07121400.7119 00846959.0262 00000352.6052 -0000466.9878 00007205.0463 02282223.4058 -0011223.2147
> 175198 1
H41 -2369918.6746 07120657.8646 00854163.6796 00000354.6766 -0000473.6796 00007204.2595 02284355.2900 -0011307.2163
> 175199 1
H41 -2369562.9627 07119908.4167 00861367.5429 00000356.7468 -0000480.3712 00007203.4660 02286503.9204 -0011390.9673
> 175200 1
H41 -2369205.1814 07119152.3685 00868570.6094 00000358.8157 -0000487.0627 00007202.6659 02288669.2486 -0011474.4666
> 175201 1
H41 -2368845.3318 07118389.7204 00875772.8724 00000360.8833 -0000493.7540 00007201.8591 02290851.2261 -0011557.7132
> 175202 1
H41 -2368483.4152 07117620.4727 00882974.3253 00000362.9496 -0000500.4451 00007201.0456 02293049.8038 -0011640.7063
> 175203 1
H41 -2368119.4330 07116844.6259 00890174.9614 00000365.0146 -0000507.1361 00007200.2255 02295264.9329 -0011723.4449
> 175204 1
H41 -2367753.3864 07116062.1805 00897374.7741 00000367.0783 -0000513.8269 00007199.3988 02297496.5639 -0011805.9283
> 175205 1
H41 -2367385.2768 07115273.1368 00904573.7567 00000369.1407 -0000520.5175 00007198.5653 02299744.6476 -0011888.1554
> 175206 1
H41 -2367015.1054 07114477.4952 00911771.9026 00000371.2018 -0000527.2080 00007197.7252 02302009.1343 -0011970.1254
> 175207 1
H41 -2366642.8735 07113675.2562 00918969.2050 00000373.2616 -0000533.8982 00007196.8785 02304289.9742 -0012051.8376
> 175208 1
H41 -2366268.5825 07112866.4202 00926165.6574 00000375.3202 -0000540.5882 00007196.0251 02306587.1175 -0012133.2912
> 175209 1
H41 -2365892.2337 07112050.9877 00933361.2530 00000377.3773 -0000547.2780 00007195.1650 02308900.5139 -0012214.4853
> 175210 1
H41 -2365513.8283 07111228.9590 00940555.9852 00000379.4332 -0000553.9676 00007194.2983 02311230.1133 -0012295.4193
> 175211 1
H41 -2365133.3676 07110400.3348 00947749.8474 00000381.4878 -0000560.6570 00007193.4249 02313575.8652 -0012376.0924
> 175212 1
H41 -2364750.8531 07109565.1154 00954942.8329 00000383.5411 -0000567.3462 00007192.5449 02315937.7191 -0012456.5039
> 175213 1
H41 -2364366.2860 07108723.3012 00962134.9350 00000385.5930 -0000574.0351 00007191.6582 02318315.6241 -0012536.6531
> 175214 1
H41 -2363979.6675 07107874.8929 00969326.1471 00000387.6436 -0000580.7238 00007190.7649 02320709.5295 -0012616.5393
> 175215 1
H41 -2363590.9991 07107019.8908 00976516.4626 00000389.6929 -0000587.4122 00007189.8649 02323119.3843 -0012696.1619
> 175216 1
H41 -2363200.2821 07106158.2954 00983705.8748 00000391.7409 -0000594.1004 00007188.9583 02325545.1372 -0012775.5204
> 175217 1
H41 -2362807.5177 07105290.1073 00990894.3770 00000393.7876 -0000600.7883 00007188.0450 02327986.7372 -0012854.6140
> 175218 1
H41 -2362412.7073 07104415.3269 00998081.9625 00000395.8330 -0000607.4760 00007187.1251 02330444.1326 -0012933.4423
> 175219 1
H41 -2362015.8522 07103533.9548 01005268.6249 00000397.8770 -0000614.1634 00007186.1985 02332917.2721 -0013012.0046
> 175220 1
H41 -2361616.9538 07102645.9914 01012454.3573 00000399.9197 -0000620.8505 00007185.2653 02335406.1040 -0013090.3004
> 175221 1
H41 -2361216.0133 07101751.4372 01019639.1532 00000401.9610 -0000627.5373 00007184.3254 02337910.5765 -0013168.3292
> 175222 1
H41 -2360813.0322 07100850.2929 01026823.0059 00000404.0011 -0000634.2238 00007183.3789 02340430.6378 -0013246.0905
> 175223 1
H41 -2360408.0117 07099942.5589 01034005.9087 00000406.0398 -0000640.9100 00007182.4257 02342966.2359 -0013323.5839
> 175224 1
H41 -2360000.9531 07099028.2358 01041187.8551 00000408.0771 -0000647.5959 00007181.4659 02345517.3187 -0013400.8088
> 175225 1
H41 -2359591.8578 07098107.3241 01048368.8383 00000410.1132 -0000654.2815 00007180.4994 02348083.8342 -0013477.7649
> 175226 1
H41 -2359180.7272 07097179.8243 01055548.8517 00000412.1479 -0000660.9668 00007179.5263 02350665.7299 -0013554.4517
> 175227 1
H41 -2358767.5626 07096245.7371 01062727.8888 00000414.1812 -0000667.6518 00007178.5466 02353262.9536 -0013630.8688
> 175228 1
H41 -2358352.3653 07095305.0629 01069905.9427 00000416.2132 -0000674.3364 00007177.5602 02355875.4528 -0013707.0159
> 175229 1
H41 -2357935.1366 07094357.8024 01077083.0070 00000418.2439 -0000681.0207 00007176.5672 02358503.1751 -0013782.8926
> 175230 1
H41 -2357515.8779 07093403.9561 01084259.0749 00000420.2732 -0000687.7047 00007175.5676 02361146.0677 -0013858.4985
> 175231 1
H41 -2357094.5906 07092443.5246 01091434.1399 00000422.3012 -0000694.3883 00007174.5613 02363804.0781 -0013933.8334
> 175232 1
H41 -2356671.2760 07091476.5085 01098608.1953 00000424.3278 -0000701.0715 00007173.5483 02366477.1535 -0014008.8970
> 175233 1
H41 -2356245.9355 07090502.9084 01105781.2344 00000426.3531 -0000707.7544 00007172.5288 02369165.2411 -0014083.6889
> 175234 1
H41 -2355818.5703 07089522.7249 01112953.2506 00000428.3770 -0000714.4369 00007171.5026 02371868.2880 -0014158.2089
> 175235 1
H41 -2355389.1819 07088535.9585 01120124.2373 00000430.3996 -0000721.1190 00007170.4697 02374586.2412 -0014232.4568
> 175236 1
H41 -2354957.7716 07087542.6100 01127294.1879 00000432.4208 -0000727.8008 00007169.4303 02377319.0479 -0014306.4323
> 175237 1
H41 -2354524.3408 07086542.6799 01134463.0956 00000434.4406 -0000734.4821 00007168.3842 02380066.6549 -0014380.1353
> 175238 1
H41 -2354088.8908 07085536.1688 01141630.9540 00000436.4591 -0000741.1631 00007167.3314 02382829.0091 -0014453.5655
> 175239 1
H41 -2353651.4230 07084523.0775 01148797.7563 00000438.4763 -0000747.8436 00007166.2721 02385606.0575 -0014526.7227
> 175240 1
H41 -2353211.9387 07083503.4064 01155963.4960 00000440.4921 -0000754.5238 00007165.2061 02388397.7468 -0014599.6069
> 175241 1
H41 -2352770.4393 07082477.1563 01163128.1663 00000442.5065 -0000761.2035 00007164.1335 02391204.0238 -0014672.2179
> 175242 1
H41 -2352326.9262 07081444.3278 01170291.7607 00000444.5195 -0000767.8828 00007163.0542 02394024.8353 -0014744.5555
> 175243 1
H41 -2351881.4008 07080404.9216 01177454.2726 00000446.5312 -0000774.5617 00007161.9684 02396860.1280 -0014816.6198
> 175244 1
H41 -2351433.8643 07079358.9383 01184615.6953 00000448.5415 -0000781.2402 00007160.8759 02399709.8485 -0014888.4105
> 175245 1
H41 -2350984.3183 07078306.3786 01191776.0221 00000450.5504 -0000787.9182 00007159.7768 02402573.9436 -0014959.9276
> 175246 1
H41 -2350532.7640 07077247.2432 01198935.2466 00000452.5580 -0000794.5957 00007158.6710 02405452.3599 -0015031.1710
> 175247 1
H41 -2350079.2028 07076181.5327 01206093.3619 00000454.5642 -0000801.2728 00007157.5586 02408345.0441 -0015102.1409
> 175248 1
H41 -2349623.6361 07075109.2479 01213250.3616 00000456.5690 -0000807.9495 00007156.4397 02411251.9426 -0015172.8370
> 175249 1
H41 -2349166.0653 07074030.3894 01220406.2391 00000458.5724 -0000814.6257 00007155.3141 02414173.0022 -0015243.2594
> 175250 1
H41 -2348706.4918 07072944.9579 01227560.9876 00000460.5744 -0000821.3014 00007154.1818 02417108.1694 -0015313.4082
> 175251 1
H41 -2348244.9169 07071852.9542 01234714.6005 00000462.5751 -0000827.9766 00007153.0430 02420057.3908 -0015383.2833
> 175252 1
H41 -2347781.3420 07070754.3790 01241867.0713 00000464.5744 -0000834.6513 00007151.8975 02423020.6130 -0015452.8848
> 175253 1
H41 -2347315.7686 07069649.2329 01249018.3934 00000466.5723 -0000841.3256 00007150.7455 02425997.7826 -0015522.2128
> 175254 1
H41 -2346848.1979 07068537.5167 01256168.5601 00000468.5688 -0000847.9993 00007149.5868 02428988.8462 -0015591.2674
> 175255 1
H41 -2346378.6315 07067419.2312 01263317.5647 00000470.5639 -0000854.6726 00007148.4215 02431993.7504 -0015660.0486
> 175256 1
H41 -2345907.0706 07066294.3770 01270465.4008 00000472.5576 -0000861.3453 00007147.2496 02435012.4417 -0015728.5565
> 175257 1
H41 -2345433.5166 07065162.9549 01277612.0616 00000474.5500 -0000868.0175 00007146.0710 02438044.8668 -0015796.7912
> 175258 1
H41 -2344957.9711 07064024.9657 01284757.5407 00000476.5409 -0000874.6892 00007144.8859 02441090.9724 -0015864.7530
> 175259 1
H41 -2344480.4353 07062880.4101 01291901.8312 00000478.5305 -0000881.3604 00007143.6941 02444150.7051 -0015932.4419
> 175260 1
H41 -2344000.9106 07061729.2889 01299044.9268 00000480.5186 -0000888.0310 00007142.4958 02447224.0116 -0015999.8582
> 175261 1
H41 -2343519.3985 07060571.6029 01306186.8206 00000482.5054 -0000894.7010 00007141.2908 02450310.8386 -0016067.0019
> 175262 1
H41 -2343035.9004 07059407.3527 01313327.5062 00000484.4907 -0000901.3706 00007140.0793 02453411.1327 -0016133.8733
> 175263 1
H41 -2342550.4175 07058236.5393 01320466.9770 00000486.4747 -0000908.0395 00007138.8611 02456524.8409 -0016200.4725
> 175264 1
H41 -2342062.9515 07057059.1634 01327605.2262 00000488.4572 -0000914.7079 00007137.6363 02459651.9099 -0016266.7999
> 175265 1
H41 -2341573.5036 07055875.2257 01334742.2474 00000490.4383 -0000921.3757 00007136.4049 02462792.2864 -0016332.8557
> 175266 1
H41 -2341082.0753 07054684.7272 01341878.0339 00000492.4181 -0000928.0430 00007135.1670 02465945.9175 -0016398.6400
> 175267 1
H41 -2340588.6680 07053487.6685 01349012.5791 00000494.3964 -0000934.7097 00007133.9224 02469112.7499 -0016464.1531
> 175268 1
H41 -2340093.2830 07052284.0505 01356145.8765 00000496.3733 -0000941.3757 00007132.6712 02472292.7307 -0016529.3954
> 175269 1
H41 -2339595.9219 07051073.8741 01363277.9194 00000498.3488 -0000948.0412 00007131.4134 02475485.8068 -0016594.3671
> 175270 1
H41 -2339096.5859 07049857.1400 01370408.7011 00000500.3229 -0000954.7061 00007130.1491 02478691.9254 -0016659.0684
> 175271 1
H41 -2338595.2766 07048633.8491 01377538.2153 00000502.2955 -0000961.3704 00007128.8781 02481911.0334 -0016723.4998
> 175272 1
H41 -2338091.9954 07047404.0022 01384666.4551 00000504.2668 -0000968.0340 00007127.6005 02485143.0781 -0016787.6615
> 175273 1
H41 -2337586.7436 07046167.6002 01391793.4141 00000506.2366 -0000974.6971 00007126.3164 02488388.0066 -0016851.5538
> 175274 1
H41 -2337079.5227 07044924.6438 01398919.0857 00000508.2050 -0000981.3595 00007125.0256 02491645.7663 -0016915.1771
> 175275 1
H41 -2336570.3341 07043675.1341 01406043.4632 00000510.1720 -0000988.0213 00007123.7283 02494916.3045 -0016978.5318
> 175276 1
H41 -2336059.1792 07042419.0718 01413166.5400 00000512.1375 -0000994.6824 00007122.4244 02498199.5685 -0017041.6182
> 175277 1
H41 -2335546.0595 07041156.4577 01420288.3097 00000514.1017 -0001001.3429 00007121.1138 02501495.5058 -0017104.4367
> 175278 1
H41 -2335030.9764 07039887.2929 01427408.7655 00000516.0644 -0001008.0027 00007119.7967 02504804.0640 -0017166.9877
> 175279 1
H41 -2334513.9313 07038611.5781 01434527.9009 00000518.0256 -0001014.6619 00007118.4730 02508125.1906 -0017229.2715
> 175280 1
H41 -2333994.9256 07037329.3142 01441645.7094 00000519.9855 -0001021.3204 00007117.1428 02511458.8333 -0017291.2887
> 175281 1
H41 -2333473.9608 07036040.5022 01448762.1843 00000521.9439 -0001027.9782 00007115.8059 02514804.9398 -0017353.0396
> 175282 1
H41 -2332951.0384 07034745.1429 01455877.3190 00000523.9008 -0001034.6353 00007114.4625 02518163.4580 -0017414.5246
> 175283 1
H41 -2332426.1596 07033443.2372 01462991.1070 00000525.8564 -0001041.2918 00007113.1124 02521534.3358 -0017475.7442
> 175284 1
H41 -2331899.3261 07032134.7861 01470103.5417 00000527.8105 -0001047.9476 00007111.7558 02524917.5211 -0017536.6989
> 175285 1
H41 -2331370.5392 07030819.7905 01477214.6165 00000529.7631 -0001054.6026 00007110.3927 02528312.9620 -0017597.3891
> 175286 1
H41 -2330839.8003 07029498.2513 01484324.3248 00000531.7143 -0001061.2570 00007109.0229 02531720.6066 -0017657.8152
> 175287 1
H41 -2330307.1110 07028170.1694 01491432.6601 00000533.6641 -0001067.9106 00007107.6466 02535140.4032 -0017717.9778
> 175288 1
H41 -2329772.4726 07026835.5457 01498539.6157 00000535.6124 -0001074.5636 00007106.2637 02538572.3001 -0017777.8773
> 175289 1
H41 -2329235.8866 07025494.3813 01505645.1852 00000537.5593 -0001081.2158 00007104.8742 02542016.2456 -0017837.5143
> 175290 1
H41 -2328697.3545 07024146.6770 01512749.3619 00000539.5047 -0001087.8673 00007103.4781 02545472.1884 -0017896.8892
> 175291 1
H41 -2328156.8776 07022792.4338 01519852.1392 00000541.4487 -0001094.5180 00007102.0755 02548940.0769 -0017956.0026
> 175292 1
H41 -2327614.4575 07021431.6527 01526953.5107 00000543.3913 -0001101.1680 00007100.6663 02552419.8599 -0018014.8549
> 175293 1
H41 -2327070.0956 07020064.3347 01534053.4696 00000545.3323 -0001107.8172 00007099.2505 02555911.4861 -0018073.4468
> 175294 1
H41 -2326523.7934 07018690.4807 01541152.0095 00000547.2719 -0001114.4657 00007097.8282 02559414.9044 -0018131.7788
> 175295 1
H41 -2325975.5522 07017310.0916 01548249.1238 00000549.2101 -0001121.1134 00007096.3993 02562930.0639 -0018189.8514
> 175296 1
H41 -2325425.3736 07015923.1686 01555344.8060 00000551.1468 -0001127.7604 00007094.9638 02566456.9136 -0018247.6651
> 175297 1
H41 -2324873.2590 07014529.7125 01562439.0493 00000553.0821 -0001134.4066 00007093.5218 02569995.4027 -0018305.2206
> 175298 1
H41 -2324319.2100 07013129.7244 01569531.8474 00000555.0159 -0001141.0520 00007092.0732 02573545.4804 -0018362.5184
> 175299 1
H41 -2323763.2278 07011723.2053 01576623.1936 00000556.9482 -0001147.6966 00007090.6181 02577107.0963 -0018419.5591
> 175300 1
H41 -2323205.3141 07010310.1561 01583713.0814 00000558.8790 -0001154.3404 00007089.1564 02580680.1997 -0018476.3433
> 175301 1
H41 -2322645.4702 07008890.5780 01590801.5042 00000560.8084 -0001160.9834 00007087.6881 02584264.7404 -0018532.8715
> 175302 1
H41 -2322083.6977 07007464.4719 01597888.4554 00000562.7364 -0001167.6256 00007086.2133 02587860.6680 -0018589.1445
> 175303 1
H41 -2321519.9980 07006031.8389 01604973.9286 00000564.6628 -0001174.2670 00007084.7319 02591467.9325 -0018645.1627
> 175304 1
H41 -2320954.3726 07004592.6800 01612057.9171 00000566.5878 -0001180.9075 00007083.2440 02595086.4837 -0018700.9269
> 175305 1
H41 -2320386.8229 07003146.9963 01619140.4144 00000568.5113 -0001187.5472 00007081.7495 02598716.2717 -0018756.4376
> 175306 1
H41 -2319817.3505 07001694.7887 01626221.4139 00000570.4333 -0001194.1861 00007080.2485 02602357.2467 -0018811.6954
> 175307 1
H41 -2319245.9567 07000236.0584 01633300.9092 00000572.3539 -0001200.8242 00007078.7409 02606009.3591 -0018866.7011
> 175308 1
H41 -2318672.6432 06998770.8064 01640378.8936 00000574.2730 -0001207.4614 00007077.2268 02609672.5593 -0018921.4551
> 175309 1
H41 -2318097.4112 06997299.0338 01647455.3605 00000576.1906 -0001214.0978 00007075.7061 02613346.7978 -0018975.9583
> 175310 1
H41 -2317520.2625 06995820.7416 01654530.3036 00000578.1067 -0001220.7333 00007074.1789 02617032.0253 -0019030.2113
> 175311 1
H41 -2316941.1983 06994335.9309 01661603.7161 00000580.0214 -0001227.3679 00007072.6451 02620728.1926 -0019084.2146
> 175312 1
H41 -2316360.2202 06992844.6029 01668675.5916 00000581.9345 -0001234.0016 00007071.1048 02624435.2506 -0019137.9690
> 175313 1
H41 -2315777.3298 06991346.7586 01675745.9235 00000583.8462 -0001240.6345 00007069.5580 02628153.1503 -0019191.4752
> 175314 1
H41 -2315192.5284 06989842.3991 01682814.7054 00000585.7564 -0001247.2665 00007068.0046 02631881.8430 -0019244.7338
> 175315 1
H41 -2314605.8175 06988331.5256 01689881.9305 00000587.6651 -0001253.8976 00007066.4446 02635621.2800 -0019297.7455
> 175316 1
H41 -2314017.1987 06986814.1390 01696947.5925 00000589.5723 -0001260.5278 00007064.8782 02639371.4126 -0019350.5110
> 175317 1
H41 -2313426.6735 06985290.2406 01704011.6847 00000591.4780 -0001267.1571 00007063.3052 02643132.1924 -0019403.0310
> 175318 1
H41 -2312834.2432 06983759.8315 01711074.2007 00000593.3822 -0001273.7855 00007061.7257 02646903.5712 -0019455.3062
> 175319 1
H41 -2312239.9095 06982222.9128 01718135.1338 00000595.2849 -0001280.4129 00007060.1396 02650685.5008 -0019507.3372
> 175320 1
H41 -2311643.6739 06980679.4856 01725194.4777 00000597.1862 -0001287.0395 00007058.5470 02654477.9330 -0019559.1249
> 175321 1
H41 -2311045.5377 06979129.5510 01732252.2257 00000599.0859 -0001293.6651 00007056.9479 02658280.8201 -0019610.6699
> 175322 1
H41 -2310445.5026 06977573.1103 01739308.3712 00000600.9841 -0001300.2898 00007055.3422 02662094.1142 -0019661.9729
> 175323 1
H41 -2309843.5700 06976010.1646 01746362.9079 00000602.8809 -0001306.9135 00007053.7300 02665917.7677 -0019713.0346
> 175324 1
H41 -2309239.7414 06974440.7150 01753415.8292 00000604.7761 -0001313.5363 00007052.1113 02669751.7331 -0019763.8558
> 175325 1
H41 -2308634.0183 06972864.7628 01760467.1284 00000606.6698 -0001320.1581 00007050.4861 02673595.9630 -0019814.4372
> 175326 1
H41 -2308026.4023 06971282.3090 01767516.7992 00000608.5620 -0001326.7789 00007048.8544 02677450.4103 -0019864.7796
> 175327 1
H41 -2307416.8948 06969693.3549 01774564.8350 00000610.4527 -0001333.3988 00007047.2161 02681315.0278 -0019914.8836
> 175328 1
H41 -2306805.4974 06968097.9016 01781611.2292 00000612.3419 -0001340.0177 00007045.5713 02685189.7686 -0019964.7501
> 175329 1
H41 -2306192.2115 06966495.9503 01788655.9754 00000614.2296 -0001346.6357 00007043.9200 02689074.5859 -0020014.3796
> 175330 1
H41 -2305577.0387 06964887.5023 01795699.0671 00000616.1158 -0001353.2526 00007042.2622 02692969.4330 -0020063.7731
> 175331 1
H41 -2304959.9804 06963272.5588 01802740.4976 00000618.0004 -0001359.8686 00007040.5979 02696874.2635 -0020112.9313
> 175332 1
H41 -2304341.0383 06961651.1208 01809780.2606 00000619.8836 -0001366.4835 00007038.9270 02700789.0309 -0020161.8548
> 175333 1
H41 -2303720.2138 06960023.1898 01816818.3495 00000621.7652 -0001373.0974 00007037.2496 02704713.6890 -0020210.5445
> 175334 1
H41 -2303097.5084 06958388.7668 01823854.7577 00000623.6453 -0001379.7104 00007035.5658 02708648.1917 -0020259.0011
> 175335 1
H41 -2302472.9236 06956747.8532 01830889.4789 00000625.5239 -0001386.3223 00007033.8754 02712592.4931 -0020307.2255
> 175336 1
H41 -2301846.4610 06955100.4501 01837922.5064 00000627.4010 -0001392.9331 00007032.1785 02716546.5474 -0020355.2182
> 175337 1
H41 -2301218.1222 06953446.5588 01844953.8337 00000629.2765 -0001399.5430 00007030.4751 02720510.3089 -0020402.9802
> 175338 1
H41 -2300587.9085 06951786.1806 01851983.4544 00000631.1505 -0001406.1518 00007028.7652 02724483.7322 -0020450.5122
> 175339 1
H41 -2299955.8216 06950119.3166 01859011.3620 00000633.0230 -0001412.7595 00007027.0488 02728466.7718 -0020497.8149
> 175340 1
H41 -2299321.8629 06948445.9682 01866037.5500 00000634.8940 -0001419.3662 00007025.3259 02732459.3826 -0020544.8892
> 175341 1
H41 -2298686.0341 06946766.1367 01873062.0118 00000636.7634 -0001425.9719 00007023.5966 02736461.5196 -0020591.7358
> 175342 1
H41 -2298048.3366 06945079.8232 01880084.7409 00000638.6313 -0001432.5764 00007021.8607 02740473.1377 -0020638.3555
> 175343 1
H41 -2297408.7719 06943387.0291 01887105.7309 00000640.4977 -0001439.1799 00007020.1183 02744494.1924 -0020684.7491
> 175344 1
H41 -2296767.3416 06941687.7557 01894124.9753 00000642.3626 -0001445.7824 00007018.3694 02748524.6388 -0020730.9174
> 175345 1
H41 -2296124.0473 06939982.0042 01901142.4676 00000644.2259 -0001452.3837 00007016.6140 02752564.4326 -0020776.8611
> 175346 1
H41 -2295478.8904 06938269.7759 01908158.2012 00000646.0876 -0001458.9840 00007014.8522 02756613.5295 -0020822.5810
> 175347 1
H41 -2294831.8726 06936551.0722 01915172.1697 00000647.9478 -0001465.5831 00007013.0838 02760671.8853 -0020868.0780
> 175348 1
H41 -2294182.9953 06934825.8944 01922184.3667 00000649.8065 -0001472.1811 00007011.3090 02764739.4560 -0020913.3528
> 175349 1
H41 -2293532.2600 06933094.2437 01929194.7855 00000651.6637 -0001478.7781 00007009.5277 02768816.1978 -0020958.4062
> 175350 1
H41 -2292879.6684 06931356.1216 01936203.4198 00000653.5193 -0001485.3739 00007007.7398 02772902.0669 -0021003.2390
> 175351 1
H41 -2292225.2220 06929611.5292 01943210.2631 00000655.3733 -0001491.9686 00007005.9456 02776997.0198 -0021047.8521
