##接收机参考位置（LLH）108.247 30 1000
##接收机参考位置（ECEF）-1731246.156 5251093.6184 3170873.7353
##initialTime     175230
##endTime         176006
##obsTimeLength   777
##数据格式：satx saty satz satvx satvy satvz rangeObs dopplerObs
##rangeObs = range + receiverClcError
##dopplerObs = doppler + receiverClcDriftError
##信号类型为:3-2, 频率为:1520000000赫兹
##观测卫星个数：1
##end of head
> 175230 0
> 175231 0
> 175232 0
> 175233 0
> 175234 0
> 175235 0
> 175236 0
> 175237 0
> 175238 0
> 175239 1
H41 -2353651.4230 07084523.0775 01148797.7563 00000438.4763 -0000747.8436 00007166.2721 02799586.6656 00029220.8644
> 175240 1
H41 -2353211.9387 07083503.4064 01155963.4960 00000440.4921 -0000754.5238 00007165.2061 02793648.6151 00029208.6364
> 175241 1
H41 -2352770.4393 07082477.1563 01163128.1663 00000442.5065 -0000761.2035 00007164.1335 02787712.7764 00029196.3090
> 175242 1
H41 -2352326.9262 07081444.3278 01170291.7607 00000444.5195 -0000767.8828 00007163.0542 02781779.1692 00029183.8814
> 175243 1
H41 -2351881.4008 07080404.9216 01177454.2726 00000446.5312 -0000774.5617 00007161.9684 02775847.8132 00029171.3530
> 175244 1
H41 -2351433.8643 07079358.9383 01184615.6953 00000448.5415 -0000781.2402 00007160.8759 02769918.7285 00029158.7229
> 175245 1
H41 -2350984.3183 07078306.3786 01191776.0221 00000450.5504 -0000787.9182 00007159.7768 02763991.9350 00029145.9903
> 175246 1
H41 -2350532.7640 07077247.2432 01198935.2466 00000452.5580 -0000794.5957 00007158.6710 02758067.4530 00029133.1546
> 175247 1
H41 -2350079.2028 07076181.5327 01206093.3619 00000454.5642 -0000801.2728 00007157.5586 02752145.3030 00029120.2148
> 175248 1
H41 -2349623.6361 07075109.2479 01213250.3616 00000456.5690 -0000807.9495 00007156.4397 02746225.5054 00029107.1703
> 175249 1
H41 -2349166.0653 07074030.3894 01220406.2391 00000458.5724 -0000814.6257 00007155.3141 02740308.0810 00029094.0201
> 175250 1
H41 -2348706.4918 07072944.9579 01227560.9876 00000460.5744 -0000821.3014 00007154.1818 02734393.0506 00029080.7636
> 175251 1
H41 -2348244.9169 07071852.9542 01234714.6005 00000462.5751 -0000827.9766 00007153.0430 02728480.4353 00029067.3999
> 175252 1
H41 -2347781.3420 07070754.3790 01241867.0713 00000464.5744 -0000834.6513 00007151.8975 02722570.2562 00029053.9281
> 175253 1
H41 -2347315.7686 07069649.2329 01249018.3934 00000466.5723 -0000841.3256 00007150.7455 02716662.5348 00029040.3475
> 175254 1
H41 -2346848.1979 07068537.5167 01256168.5601 00000468.5688 -0000847.9993 00007149.5868 02710757.2924 00029026.6572
> 175255 1
H41 -2346378.6315 07067419.2312 01263317.5647 00000470.5639 -0000854.6726 00007148.4215 02704854.5508 00029012.8564
> 175256 1
H41 -2345907.0706 07066294.3770 01270465.4008 00000472.5576 -0000861.3453 00007147.2496 02698954.3319 00028998.9441
> 175257 1
H41 -2345433.5166 07065162.9549 01277612.0616 00000474.5500 -0000868.0175 00007146.0710 02693056.6577 00028984.9196
> 175258 1
H41 -2344957.9711 07064024.9657 01284757.5407 00000476.5409 -0000874.6892 00007144.8859 02687161.5503 00028970.7820
> 175259 1
H41 -2344480.4353 07062880.4101 01291901.8312 00000478.5305 -0000881.3604 00007143.6941 02681269.0322 00028956.5303
> 175260 1
H41 -2344000.9106 07061729.2889 01299044.9268 00000480.5186 -0000888.0310 00007142.4958 02675379.1258 00028942.1638
> 175261 1
H41 -2343519.3985 07060571.6029 01306186.8206 00000482.5054 -0000894.7010 00007141.2908 02669491.8539 00028927.6814
> 175262 1
H41 -2343035.9004 07059407.3527 01313327.5062 00000484.4907 -0000901.3706 00007140.0793 02663607.2394 00028913.0824
> 175263 1
H41 -2342550.4175 07058236.5393 01320466.9770 00000486.4747 -0000908.0395 00007138.8611 02657725.3054 00028898.3657
> 175264 1
H41 -2342062.9515 07057059.1634 01327605.2262 00000488.4572 -0000914.7079 00007137.6363 02651846.0750 00028883.5305
> 175265 1
H41 -2341573.5036 07055875.2257 01334742.2474 00000490.4383 -0000921.3757 00007136.4049 02645969.5718 00028868.5759
> 175266 1
H41 -2341082.0753 07054684.7272 01341878.0339 00000492.4181 -0000928.0430 00007135.1670 02640095.8194 00028853.5008
> 175267 1
H41 -2340588.6680 07053487.6685 01349012.5791 00000494.3964 -0000934.7097 00007133.9224 02634224.8416 00028838.3044
> 175268 1
H41 -2340093.2830 07052284.0505 01356145.8765 00000496.3733 -0000941.3757 00007132.6712 02628356.6624 00028822.9856
> 175269 1
H41 -2339595.9219 07051073.8741 01363277.9194 00000498.3488 -0000948.0412 00007131.4134 02622491.3060 00028807.5436
> 175270 1
H41 -2339096.5859 07049857.1400 01370408.7011 00000500.3229 -0000954.7061 00007130.1491 02616628.7968 00028791.9773
> 175271 1
H41 -2338595.2766 07048633.8491 01377538.2153 00000502.2955 -0000961.3704 00007128.8781 02610769.1593 00028776.2857
> 175272 1
H41 -2338091.9954 07047404.0022 01384666.4551 00000504.2668 -0000968.0340 00007127.6005 02604912.4184 00028760.4679
> 175273 1
H41 -2337586.7436 07046167.6002 01391793.4141 00000506.2366 -0000974.6971 00007126.3164 02599058.5990 00028744.5228
> 175274 1
H41 -2337079.5227 07044924.6438 01398919.0857 00000508.2050 -0000981.3595 00007125.0256 02593207.7262 00028728.4495
> 175275 1
H41 -2336570.3341 07043675.1341 01406043.4632 00000510.1720 -0000988.0213 00007123.7283 02587359.8256 00028712.2469
> 175276 1
H41 -2336059.1792 07042419.0718 01413166.5400 00000512.1375 -0000994.6824 00007122.4244 02581514.9226 00028695.9139
> 175277 1
H41 -2335546.0595 07041156.4577 01420288.3097 00000514.1017 -0001001.3429 00007121.1138 02575673.0430 00028679.4495
> 175278 1
H41 -2335030.9764 07039887.2929 01427408.7655 00000516.0644 -0001008.0027 00007119.7967 02569834.2129 00028662.8527
> 175279 1
H41 -2334513.9313 07038611.5781 01434527.9009 00000518.0256 -0001014.6619 00007118.4730 02563998.4584 00028646.1224
> 175280 1
H41 -2333994.9256 07037329.3142 01441645.7094 00000519.9855 -0001021.3204 00007117.1428 02558165.8060 00028629.2575
> 175281 1
H41 -2333473.9608 07036040.5022 01448762.1843 00000521.9439 -0001027.9782 00007115.8059 02552336.2823 00028612.2570
> 175282 1
H41 -2332951.0384 07034745.1429 01455877.3190 00000523.9008 -0001034.6353 00007114.4625 02546509.9142 00028595.1196
> 175283 1
H41 -2332426.1596 07033443.2372 01462991.1070 00000525.8564 -0001041.2918 00007113.1124 02540686.7287 00028577.8444
> 175284 1
H41 -2331899.3261 07032134.7861 01470103.5417 00000527.8105 -0001047.9476 00007111.7558 02534866.7531 00028560.4302
> 175285 1
H41 -2331370.5392 07030819.7905 01477214.6165 00000529.7631 -0001054.6026 00007110.3927 02529050.0150 00028542.8758
> 175286 1
H41 -2330839.8003 07029498.2513 01484324.3248 00000531.7143 -0001061.2570 00007109.0229 02523236.5421 00028525.1801
> 175287 1
H41 -2330307.1110 07028170.1694 01491432.6601 00000533.6641 -0001067.9106 00007107.6466 02517426.3624 00028507.3421
> 175288 1
H41 -2329772.4726 07026835.5457 01498539.6157 00000535.6124 -0001074.5636 00007106.2637 02511619.5040 00028489.3604
> 175289 1
H41 -2329235.8866 07025494.3813 01505645.1852 00000537.5593 -0001081.2158 00007104.8742 02505815.9954 00028471.2339
> 175290 1
H41 -2328697.3545 07024146.6770 01512749.3619 00000539.5047 -0001087.8673 00007103.4781 02500015.8653 00028452.9615
> 175291 1
H41 -2328156.8776 07022792.4338 01519852.1392 00000541.4487 -0001094.5180 00007102.0755 02494219.1425 00028434.5419
> 175292 1
H41 -2327614.4575 07021431.6527 01526953.5107 00000543.3913 -0001101.1680 00007100.6663 02488425.8563 00028415.9739
> 175293 1
H41 -2327070.0956 07020064.3347 01534053.4696 00000545.3323 -0001107.8172 00007099.2505 02482636.0360 00028397.2563
> 175294 1
H41 -2326523.7934 07018690.4807 01541152.0095 00000547.2719 -0001114.4657 00007097.8282 02476849.7112 00028378.3879
> 175295 1
H41 -2325975.5522 07017310.0916 01548249.1238 00000549.2101 -0001121.1134 00007096.3993 02471066.9118 00028359.3674
> 175296 1
H41 -2325425.3736 07015923.1686 01555344.8060 00000551.1468 -0001127.7604 00007094.9638 02465287.6680 00028340.1936
> 175297 1
H41 -2324873.2590 07014529.7125 01562439.0493 00000553.0821 -0001134.4066 00007093.5218 02459512.0101 00028320.8651
> 175298 1
H41 -2324319.2100 07013129.7244 01569531.8474 00000555.0159 -0001141.0520 00007092.0732 02453739.9687 00028301.3807
> 175299 1
H41 -2323763.2278 07011723.2053 01576623.1936 00000556.9482 -0001147.6966 00007090.6181 02447971.5748 00028281.7391
> 175300 1
H41 -2323205.3141 07010310.1561 01583713.0814 00000558.8790 -0001154.3404 00007089.1564 02442206.8595 00028261.9390
> 175301 1
H41 -2322645.4702 07008890.5780 01590801.5042 00000560.8084 -0001160.9834 00007087.6881 02436445.8541 00028241.9790
> 175302 1
H41 -2322083.6977 07007464.4719 01597888.4554 00000562.7364 -0001167.6256 00007086.2133 02430688.5905 00028221.8579
> 175303 1
H41 -2321519.9980 07006031.8389 01604973.9286 00000564.6628 -0001174.2670 00007084.7319 02424935.1005 00028201.5742
> 175304 1
H41 -2320954.3726 07004592.6800 01612057.9171 00000566.5878 -0001180.9075 00007083.2440 02419185.4163 00028181.1266
> 175305 1
H41 -2320386.8229 07003146.9963 01619140.4144 00000568.5113 -0001187.5472 00007081.7495 02413439.5704 00028160.5137
> 175306 1
H41 -2319817.3505 07001694.7887 01626221.4139 00000570.4333 -0001194.1861 00007080.2485 02407697.5956 00028139.7342
> 175307 1
H41 -2319245.9567 07000236.0584 01633300.9092 00000572.3539 -0001200.8242 00007078.7409 02401959.5250 00028118.7866
> 175308 1
H41 -2318672.6432 06998770.8064 01640378.8936 00000574.2730 -0001207.4614 00007077.2268 02396225.3917 00028097.6695
> 175309 1
H41 -2318097.4112 06997299.0338 01647455.3605 00000576.1906 -0001214.0978 00007075.7061 02390495.2296 00028076.3815
> 175310 1
H41 -2317520.2625 06995820.7416 01654530.3036 00000578.1067 -0001220.7333 00007074.1789 02384769.0723 00028054.9211
> 175311 1
H41 -2316941.1983 06994335.9309 01661603.7161 00000580.0214 -0001227.3679 00007072.6451 02379046.9542 00028033.2869
> 175312 1
H41 -2316360.2202 06992844.6029 01668675.5916 00000581.9345 -0001234.0016 00007071.1048 02373328.9096 00028011.4773
> 175313 1
H41 -2315777.3298 06991346.7586 01675745.9235 00000583.8462 -0001240.6345 00007069.5580 02367614.9734 00027989.4909
> 175314 1
H41 -2315192.5284 06989842.3991 01682814.7054 00000585.7564 -0001247.2665 00007068.0046 02361905.1806 00027967.3263
> 175315 1
H41 -2314605.8175 06988331.5256 01689881.9305 00000587.6651 -0001253.8976 00007066.4446 02356199.5666 00027944.9818
> 175316 1
H41 -2314017.1987 06986814.1390 01696947.5925 00000589.5723 -0001260.5278 00007064.8782 02350498.1670 00027922.4559
> 175317 1
H41 -2313426.6735 06985290.2406 01704011.6847 00000591.4780 -0001267.1571 00007063.3052 02344801.0179 00027899.7471
> 175318 1
H41 -2312834.2432 06983759.8315 01711074.2007 00000593.3822 -0001273.7855 00007061.7257 02339108.1555 00027876.8538
> 175319 1
H41 -2312239.9095 06982222.9128 01718135.1338 00000595.2849 -0001280.4129 00007060.1396 02333419.6164 00027853.7744
> 175320 1
H41 -2311643.6739 06980679.4856 01725194.4777 00000597.1862 -0001287.0395 00007058.5470 02327735.4375 00027830.5074
> 175321 1
H41 -2311045.5377 06979129.5510 01732252.2257 00000599.0859 -0001293.6651 00007056.9479 02322055.6561 00027807.0510
> 175322 1
H41 -2310445.5026 06977573.1103 01739308.3712 00000600.9841 -0001300.2898 00007055.3422 02316380.3098 00027783.4038
> 175323 1
H41 -2309843.5700 06976010.1646 01746362.9079 00000602.8809 -0001306.9135 00007053.7300 02310709.4363 00027759.5640
> 175324 1
H41 -2309239.7414 06974440.7150 01753415.8292 00000604.7761 -0001313.5363 00007052.1113 02305043.0741 00027735.5299
> 175325 1
H41 -2308634.0183 06972864.7628 01760467.1284 00000606.6698 -0001320.1581 00007050.4861 02299381.2615 00027711.3000
> 175326 1
H41 -2308026.4023 06971282.3090 01767516.7992 00000608.5620 -0001326.7789 00007048.8544 02293724.0374 00027686.8724
> 175327 1
H41 -2307416.8948 06969693.3549 01774564.8350 00000610.4527 -0001333.3988 00007047.2161 02288071.4412 00027662.2456
> 175328 1
H41 -2306805.4974 06968097.9016 01781611.2292 00000612.3419 -0001340.0177 00007045.5713 02282423.5124 00027637.4177
> 175329 1
H41 -2306192.2115 06966495.9503 01788655.9754 00000614.2296 -0001346.6357 00007043.9200 02276780.2908 00027612.3870
> 175330 1
H41 -2305577.0387 06964887.5023 01795699.0671 00000616.1158 -0001353.2526 00007042.2622 02271141.8168 00027587.1517
> 175331 1
H41 -2304959.9804 06963272.5588 01802740.4976 00000618.0004 -0001359.8686 00007040.5979 02265508.1310 00027561.7101
> 175332 1
H41 -2304341.0383 06961651.1208 01809780.2606 00000619.8836 -0001366.4835 00007038.9270 02259879.2743 00027536.0603
> 175333 1
H41 -2303720.2138 06960023.1898 01816818.3495 00000621.7652 -0001373.0974 00007037.2496 02254255.2881 00027510.2006
> 175334 1
H41 -2303097.5084 06958388.7668 01823854.7577 00000623.6453 -0001379.7104 00007035.5658 02248636.2141 00027484.1291
> 175335 1
H41 -2302472.9236 06956747.8532 01830889.4789 00000625.5239 -0001386.3223 00007033.8754 02243022.0943 00027457.8440
> 175336 1
H41 -2301846.4610 06955100.4501 01837922.5064 00000627.4010 -0001392.9331 00007032.1785 02237412.9713 00027431.3433
> 175337 1
H41 -2301218.1222 06953446.5588 01844953.8337 00000629.2765 -0001399.5430 00007030.4751 02231808.8877 00027404.6253
> 175338 1
H41 -2300587.9085 06951786.1806 01851983.4544 00000631.1505 -0001406.1518 00007028.7652 02226209.8869 00027377.6879
> 175339 1
H41 -2299955.8216 06950119.3166 01859011.3620 00000633.0230 -0001412.7595 00007027.0488 02220616.0123 00027350.5292
> 175340 1
H41 -2299321.8629 06948445.9682 01866037.5500 00000634.8940 -0001419.3662 00007025.3259 02215027.3080 00027323.1474
> 175341 1
H41 -2298686.0341 06946766.1367 01873062.0118 00000636.7634 -0001425.9719 00007023.5966 02209443.8182 00027295.5404
> 175342 1
H41 -2298048.3366 06945079.8232 01880084.7409 00000638.6313 -0001432.5764 00007021.8607 02203865.5879 00027267.7062
> 175343 1
H41 -2297408.7719 06943387.0291 01887105.7309 00000640.4977 -0001439.1799 00007020.1183 02198292.6620 00027239.6429
> 175344 1
H41 -2296767.3416 06941687.7557 01894124.9753 00000642.3626 -0001445.7824 00007018.3694 02192725.0861 00027211.3484
> 175345 1
H41 -2296124.0473 06939982.0042 01901142.4676 00000644.2259 -0001452.3837 00007016.6140 02187162.9063 00027182.8207
> 175346 1
H41 -2295478.8904 06938269.7759 01908158.2012 00000646.0876 -0001458.9840 00007014.8522 02181606.1688 00027154.0577
> 175347 1
H41 -2294831.8726 06936551.0722 01915172.1697 00000647.9478 -0001465.5831 00007013.0838 02176054.9205 00027125.0573
> 175348 1
H41 -2294182.9953 06934825.8944 01922184.3667 00000649.8065 -0001472.1811 00007011.3090 02170509.2086 00027095.8174
> 175349 1
H41 -2293532.2600 06933094.2437 01929194.7855 00000651.6637 -0001478.7781 00007009.5277 02164969.0806 00027066.3359
> 175350 1
H41 -2292879.6684 06931356.1216 01936203.4198 00000653.5193 -0001485.3739 00007007.7398 02159434.5846 00027036.6107
> 175351 1
H41 -2292225.2220 06929611.5292 01943210.2631 00000655.3733 -0001491.9686 00007005.9456 02153905.7691 00027006.6395
> 175352 1
H41 -2291568.9222 06927860.4681 01950215.3088 00000657.2259 -0001498.5622 00007004.1448 02148382.6831 00026976.4202
> 175353 1
H41 -2290910.7708 06926102.9394 01957218.5505 00000659.0768 -0001505.1546 00007002.3375 02142865.3758 00026945.9506
> 175354 1
H41 -2290250.7691 06924338.9445 01964219.9817 00000660.9262 -0001511.7459 00007000.5238 02137353.8971 00026915.2284
> 175355 1
H41 -2289588.9188 06922568.4849 01971219.5959 00000662.7741 -0001518.3360 00006998.7036 02131848.2973 00026884.2514
> 175356 1
H41 -2288925.2215 06920791.5618 01978217.3867 00000664.6204 -0001524.9250 00006996.8769 02126348.6269 00026853.0173
> 175357 1
H41 -2288259.6786 06919008.1767 01985213.3476 00000666.4652 -0001531.5128 00006995.0438 02120854.9372 00026821.5238
> 175358 1
H41 -2287592.2917 06917218.3308 01992207.4722 00000668.3084 -0001538.0995 00006993.2042 02115367.2799 00026789.7686
> 175359 1
H41 -2286923.0623 06915422.0256 01999199.7538 00000670.1500 -0001544.6850 00006991.3581 02109885.7069 00026757.7493
> 175360 1
H41 -2286251.9922 06913619.2625 02006190.1861 00000671.9901 -0001551.2693 00006989.5055 02104410.2709 00026725.4637
> 175361 1
H41 -2285579.0827 06911810.0428 02013178.7627 00000673.8286 -0001557.8524 00006987.6465 02098941.0249 00026692.9092
> 175362 1
H41 -2284904.3354 06909994.3679 02020165.4770 00000675.6656 -0001564.4343 00006985.7810 02093478.0224 00026660.0835
> 175363 1
H41 -2284227.7520 06908172.2393 02027150.3225 00000677.5010 -0001571.0150 00006983.9091 02088021.3173 00026626.9841
> 175364 1
H41 -2283549.3340 06906343.6583 02034133.2929 00000679.3348 -0001577.5945 00006982.0307 02082570.9643 00026593.6086
> 175365 1
H41 -2282869.0829 06904508.6264 02041114.3817 00000681.1671 -0001584.1728 00006980.1458 02077127.0182 00026559.9545
> 175366 1
H41 -2282187.0003 06902667.1450 02048093.5824 00000682.9978 -0001590.7499 00006978.2545 02071689.5346 00026526.0193
> 175367 1
H41 -2281503.0877 06900819.2155 02055070.8885 00000684.8270 -0001597.3257 00006976.3567 02066258.5695 00026491.8004
> 175368 1
H41 -2280817.3469 06898964.8393 02062046.2936 00000686.6545 -0001603.9003 00006974.4525 02060834.1793 00026457.2954
> 175369 1
H41 -2280129.7792 06897104.0179 02069019.7912 00000688.4805 -0001610.4737 00006972.5418 02055416.4210 00026422.5016
> 175370 1
H41 -2279440.3864 06895236.7528 02075991.3750 00000690.3049 -0001617.0459 00006970.6246 02050005.3522 00026387.4164
> 175371 1
H41 -2278749.1699 06893363.0453 02082961.0384 00000692.1278 -0001623.6167 00006968.7011 02044601.0309 00026352.0372
> 175372 1
H41 -2278056.1313 06891482.8970 02089928.7750 00000693.9491 -0001630.1864 00006966.7710 02039203.5158 00026316.3614
> 175373 1
H41 -2277361.2722 06889596.3092 02096894.5783 00000695.7688 -0001636.7547 00006964.8346 02033812.8659 00026280.3862
> 175374 1
H41 -2276664.5943 06887703.2836 02103858.4419 00000697.5869 -0001643.3218 00006962.8916 02028429.1409 00026244.1090
> 175375 1
H41 -2275966.0990 06885803.8214 02110820.3594 00000699.4034 -0001649.8876 00006960.9423 02023052.4009 00026207.5270
> 175376 1
H41 -2275265.7880 06883897.9243 02117780.3243 00000701.2184 -0001656.4522 00006958.9865 02017682.7068 00026170.6376
> 175377 1
H41 -2274563.6628 06881985.5938 02124738.3303 00000703.0317 -0001663.0154 00006957.0243 02012320.1199 00026133.4378
> 175378 1
H41 -2273859.7250 06880066.8312 02131694.3707 00000704.8435 -0001669.5774 00006955.0556 02006964.7019 00026095.9249
> 175379 1
H41 -2273153.9762 06878141.6381 02138648.4393 00000706.6537 -0001676.1380 00006953.0805 02001616.5154 00026058.0961
> 175380 1
H41 -2272446.4181 06876210.0161 02145600.5296 00000708.4624 -0001682.6973 00006951.0990 01996275.6233 00026019.9485
> 175381 1
H41 -2271737.0521 06874271.9666 02152550.6351 00000710.2694 -0001689.2554 00006949.1110 01990942.0892 00025981.4792
> 175382 1
H41 -2271025.8798 06872327.4911 02159498.7494 00000712.0748 -0001695.8121 00006947.1166 01985615.9773 00025942.6854
> 175383 1
H41 -2270312.9030 06870376.5912 02166444.8662 00000713.8787 -0001702.3674 00006945.1158 01980297.3523 00025903.5640
> 175384 1
H41 -2269598.1231 06868419.2684 02173388.9789 00000715.6809 -0001708.9215 00006943.1085 01974986.2795 00025864.1121
> 175385 1
H41 -2268881.5417 06866455.5243 02180331.0811 00000717.4816 -0001715.4742 00006941.0949 01969682.8249 00025824.3268
> 175386 1
H41 -2268163.1605 06864485.3604 02187271.1665 00000719.2806 -0001722.0255 00006939.0748 01964387.0550 00025784.2050
> 175387 1
H41 -2267442.9810 06862508.7781 02194209.2286 00000721.0781 -0001728.5755 00006937.0483 01959099.0370 00025743.7436
> 175388 1
H41 -2266721.0048 06860525.7792 02201145.2609 00000722.8739 -0001735.1242 00006935.0154 01953818.8386 00025702.9396
> 175389 1
H41 -2265997.2336 06858536.3651 02208079.2572 00000724.6682 -0001741.6714 00006932.9760 01948546.5282 00025661.7899
> 175390 1
H41 -2265271.6690 06856540.5375 02215011.2109 00000726.4609 -0001748.2173 00006930.9303 01943282.1748 00025620.2914
> 175391 1
H41 -2264544.3124 06854538.2978 02221941.1156 00000728.2519 -0001754.7618 00006928.8781 01938025.8480 00025578.4409
> 175392 1
H41 -2263815.1657 06852529.6478 02228868.9650 00000730.0414 -0001761.3050 00006926.8196 01932777.6182 00025536.2351
> 175393 1
H41 -2263084.2302 06850514.5888 02235794.7526 00000731.8292 -0001767.8467 00006924.7546 01927537.5562 00025493.6710
> 175394 1
H41 -2262351.5078 06848493.1227 02242718.4720 00000733.6155 -0001774.3871 00006922.6832 01922305.7335 00025450.7453
> 175395 1
H41 -2261616.9999 06846465.2509 02249640.1169 00000735.4001 -0001780.9260 00006920.6054 01917082.2225 00025407.4546
> 175396 1
H41 -2260880.7081 06844430.9750 02256559.6807 00000737.1831 -0001787.4635 00006918.5212 01911867.0960 00025363.7958
> 175397 1
H41 -2260142.6342 06842390.2967 02263477.1572 00000738.9645 -0001793.9996 00006916.4306 01906660.4276 00025319.7654
> 175398 1
H41 -2259402.7797 06840343.2176 02270392.5399 00000740.7443 -0001800.5343 00006914.3336 01901462.2914 00025275.3601
> 175399 1
H41 -2258661.1461 06838289.7393 02277305.8224 00000742.5225 -0001807.0676 00006912.2303 01896272.7623 00025230.5766
> 175400 1
H41 -2257917.7352 06836229.8635 02284216.9983 00000744.2990 -0001813.5994 00006910.1205 01891091.9160 00025185.4114
> 175401 1
H41 -2257172.5486 06834163.5917 02291126.0612 00000746.0740 -0001820.1298 00006908.0043 01885919.8287 00025139.8611
> 175402 1
H41 -2256425.5878 06832090.9257 02298033.0048 00000747.8473 -0001826.6587 00006905.8818 01880756.5773 00025093.9222
> 175403 1
H41 -2255676.8545 06830011.8670 02304937.8226 00000749.6190 -0001833.1862 00006903.7528 01875602.2396 00025047.5912
> 175404 1
H41 -2254926.3503 06827926.4173 02311840.5083 00000751.3891 -0001839.7122 00006901.6175 01870456.8939 00025000.8646
> 175405 1
H41 -2254174.0768 06825834.5783 02318741.0554 00000753.1576 -0001846.2368 00006899.4758 01865320.6193 00024953.7388
> 175406 1
H41 -2253420.0357 06823736.3516 02325639.4577 00000754.9244 -0001852.7599 00006897.3277 01860193.4957 00024906.2102
> 175407 1
H41 -2252664.2285 06821631.7390 02332535.7086 00000756.6896 -0001859.2814 00006895.1732 01855075.6034 00024858.2753
> 175408 1
H41 -2251906.6570 06819520.7420 02339429.8019 00000758.4532 -0001865.8016 00006893.0123 01849967.0238 00024809.9303
> 175409 1
H41 -2251147.3226 06817403.3625 02346321.7312 00000760.2152 -0001872.3202 00006890.8451 01844867.8390 00024761.1717
> 175410 1
H41 -2250386.2272 06815279.6019 02353211.4900 00000761.9755 -0001878.8373 00006888.6715 01839778.1316 00024711.9956
> 175411 1
H41 -2249623.3722 06813149.4622 02360099.0720 00000763.7342 -0001885.3529 00006886.4915 01834697.9851 00024662.3984
> 175412 1
H41 -2248858.7593 06811012.9449 02366984.4709 00000765.4913 -0001891.8670 00006884.3052 01829627.4839 00024612.3763
> 175413 1
H41 -2248092.3902 06808870.0518 02373867.6802 00000767.2467 -0001898.3796 00006882.1124 01824566.7129 00024561.9256
> 175414 1
H41 -2247324.2665 06806720.7846 02380748.6937 00000769.0005 -0001904.8906 00006879.9134 01819515.7578 00024511.0422
> 175415 1
H41 -2246554.3898 06804565.1450 02387627.5048 00000770.7526 -0001911.4001 00006877.7079 01814474.7053 00024459.7226
> 175416 1
H41 -2245782.7617 06802403.1348 02394504.1073 00000772.5032 -0001917.9081 00006875.4961 01809443.6427 00024407.9626
> 175417 1
H41 -2245009.3840 06800234.7556 02401378.4949 00000774.2520 -0001924.4146 00006873.2779 01804422.6581 00024355.7586
> 175418 1
H41 -2244234.2582 06798060.0092 02408250.6611 00000775.9993 -0001930.9195 00006871.0534 01799411.8405 00024303.1064
> 175419 1
H41 -2243457.3860 06795878.8974 02415120.5995 00000777.7449 -0001937.4228 00006868.8225 01794411.2795 00024250.0021
> 175420 1
H41 -2242678.7690 06793691.4219 02421988.3040 00000779.4888 -0001943.9246 00006866.5853 01789421.0656 00024196.4418
> 175421 1
H41 -2241898.4088 06791497.5844 02428853.7680 00000781.2311 -0001950.4248 00006864.3417 01784441.2903 00024142.4214
> 175422 1
H41 -2241116.3072 06789297.3868 02435716.9852 00000782.9718 -0001956.9234 00006862.0917 01779472.0456 00024087.9368
> 175423 1
H41 -2240332.4658 06787090.8308 02442577.9493 00000784.7108 -0001963.4204 00006859.8354 01774513.4245 00024032.9840
> 175424 1
H41 -2239546.8861 06784877.9181 02449436.6540 00000786.4482 -0001969.9159 00006857.5728 01769565.5208 00023977.5588
> 175425 1
H41 -2238759.5699 06782658.6506 02456293.0928 00000788.1839 -0001976.4097 00006855.3038 01764628.4292 00023921.6571
> 175426 1
H41 -2237970.5189 06780433.0301 02463147.2595 00000789.9180 -0001982.9020 00006853.0285 01759702.2450 00023865.2748
> 175427 1
H41 -2237179.7345 06778201.0583 02469999.1477 00000791.6504 -0001989.3927 00006850.7469 01754787.0647 00023808.4076
> 175428 1
H41 -2236387.2186 06775962.7370 02476848.7511 00000793.3812 -0001995.8817 00006848.4589 01749882.9854 00023751.0513
> 175429 1
H41 -2235592.9728 06773718.0681 02483696.0634 00000795.1103 -0002002.3691 00006846.1645 01744990.1052 00023693.2017
> 175430 1
H41 -2234796.9987 06771467.0533 02490541.0781 00000796.8377 -0002008.8549 00006843.8639 01740108.5229 00023634.8544
> 175431 1
H41 -2233999.2979 06769209.6945 02497383.7890 00000798.5635 -0002015.3391 00006841.5569 01735238.3383 00023576.0053
> 175432 1
H41 -2233199.8722 06766945.9935 02504224.1897 00000800.2876 -0002021.8216 00006839.2436 01730379.6520 00023516.6498
> 175433 1
H41 -2232398.7232 06764675.9521 02511062.2740 00000802.0101 -0002028.3025 00006836.9239 01725532.5656 00023456.7837
> 175434 1
H41 -2231595.8526 06762399.5722 02517898.0354 00000803.7309 -0002034.7817 00006834.5979 01720697.1815 00023396.4025
> 175435 1
H41 -2230791.2620 06760116.8556 02524731.4677 00000805.4500 -0002041.2593 00006832.2656 01715873.6029 00023335.5020
> 175436 1
H41 -2229984.9531 06757827.8042 02531562.5646 00000807.1675 -0002047.7352 00006829.9270 01711061.9341 00023274.0775
> 175437 1
H41 -2229176.9275 06755532.4198 02538391.3197 00000808.8833 -0002054.2094 00006827.5821 01706262.2802 00023212.1247
> 175438 1
H41 -2228367.1870 06753230.7042 02545217.7267 00000810.5975 -0002060.6820 00006825.2308 01701474.7472 00023149.6390
> 175439 1
H41 -2227555.7331 06750922.6594 02552041.7792 00000812.3100 -0002067.1528 00006822.8733 01696699.4420 00023086.6159
> 175440 1
H41 -2226742.5676 06748608.2872 02558863.4711 00000814.0208 -0002073.6220 00006820.5094 01691936.4724 00023023.0510
> 175441 1
H41 -2225927.6922 06746287.5895 02565682.7959 00000815.7299 -0002080.0895 00006818.1392 01687185.9473 00022958.9395
> 175442 1
H41 -2225111.1084 06743960.5682 02572499.7474 00000817.4374 -0002086.5553 00006815.7627 01682447.9762 00022894.2770
> 175443 1
H41 -2224292.8180 06741627.2252 02579314.3193 00000819.1431 -0002093.0194 00006813.3799 01677722.6700 00022829.0589
> 175444 1
H41 -2223472.8226 06739287.5623 02586126.5052 00000820.8473 -0002099.4818 00006810.9908 01673010.1400 00022763.2804
> 175445 1
H41 -2222651.1240 06736941.5814 02592936.2989 00000822.5497 -0002105.9424 00006808.5954 01668310.4989 00022696.9369
> 175446 1
H41 -2221827.7238 06734589.2846 02599743.6940 00000824.2505 -0002112.4013 00006806.1937 01663623.8602 00022630.0237
> 175447 1
H41 -2221002.6237 06732230.6736 02606548.6842 00000825.9495 -0002118.8585 00006803.7857 01658950.3381 00022562.5363
> 175448 1
H41 -2220175.8253 06729865.7505 02613351.2634 00000827.6469 -0002125.3139 00006801.3715 01654290.0482 00022494.4697
> 175449 1
H41 -2219347.3303 06727494.5171 02620151.4250 00000829.3427 -0002131.7676 00006798.9509 01649643.1067 00022425.8193
> 175450 1
H41 -2218517.1405 06725116.9754 02626949.1630 00000831.0367 -0002138.2196 00006796.5240 01645009.6309 00022356.5804
> 175451 1
H41 -2217685.2575 06722733.1273 02633744.4710 00000832.7291 -0002144.6698 00006794.0909 01640389.7392 00022286.7481
> 175452 1
H41 -2216851.6830 06720342.9748 02640537.3426 00000834.4197 -0002151.1182 00006791.6514 01635783.5508 00022216.3176
> 175453 1
H41 -2216016.4186 06717946.5198 02647327.7717 00000836.1087 -0002157.5649 00006789.2057 01631191.1859 00022145.2842
> 175454 1
H41 -2215179.4661 06715543.7642 02654115.7520 00000837.7960 -0002164.0097 00006786.7537 01626612.7657 00022073.6431
> 175455 1
H41 -2214340.8272 06713134.7101 02660901.2770 00000839.4816 -0002170.4528 00006784.2954 01622048.4124 00022001.3892
> 175456 1
H41 -2213500.5035 06710719.3594 02667684.3407 00000841.1655 -0002176.8941 00006781.8309 01617498.2493 00021928.5179
> 175457 1
H41 -2212658.4967 06708297.7140 02674464.9367 00000842.8477 -0002183.3336 00006779.3600 01612962.4004 00021855.0243
> 175458 1
H41 -2211814.8086 06705869.7761 02681243.0587 00000844.5283 -0002189.7713 00006776.8829 01608440.9910 00021780.9034
> 175459 1
H41 -2210969.4407 06703435.5475 02688018.7005 00000846.2071 -0002196.2072 00006774.3996 01603934.1472 00021706.1503
> 175460 1
H41 -2210122.3949 06700995.0302 02694791.8557 00000847.8842 -0002202.6413 00006771.9099 01599441.9962 00021630.7602
> 175461 1
H41 -2209273.6728 06698548.2262 02701562.5182 00000849.5597 -0002209.0736 00006769.4140 01594964.6662 00021554.7282
> 175462 1
H41 -2208423.2761 06696095.1377 02708330.6817 00000851.2334 -0002215.5040 00006766.9119 01590502.2864 00021478.0492
> 175463 1
H41 -2207571.2065 06693635.7664 02715096.3399 00000852.9055 -0002221.9326 00006764.4035 01586054.9869 00021400.7185
> 175464 1
H41 -2206717.4658 06691170.1146 02721859.4865 00000854.5758 -0002228.3593 00006761.8888 01581622.8990 00021322.7310
> 175465 1
H41 -2205862.0555 06688698.1842 02728620.1154 00000856.2445 -0002234.7843 00006759.3678 01577206.1548 00021244.0818
> 175466 1
H41 -2205004.9774 06686219.9772 02735378.2201 00000857.9114 -0002241.2073 00006756.8407 01572804.8876 00021164.7659
> 175467 1
H41 -2204146.2332 06683735.4956 02742133.7946 00000859.5766 -0002247.6285 00006754.3072 01568419.2317 00021084.7784
> 175468 1
H41 -2203285.8247 06681244.7416 02748886.8325 00000861.2402 -0002254.0478 00006751.7675 01564049.3221 00021004.1144
> 175469 1
H41 -2202423.7535 06678747.7172 02755637.3276 00000862.9020 -0002260.4653 00006749.2216 01559695.2954 00020922.7689
> 175470 1
H41 -2201560.0213 06676244.4243 02762385.2736 00000864.5621 -0002266.8809 00006746.6694 01555357.2886 00020840.7369
> 175471 1
H41 -2200694.6298 06673734.8652 02769130.6644 00000866.2205 -0002273.2946 00006744.1110 01551035.4402 00020758.0135
> 175472 1
H41 -2199827.5808 06671219.0418 02775873.4936 00000867.8772 -0002279.7064 00006741.5464 01546729.8894 00020674.5937
> 175473 1
H41 -2198958.8759 06668696.9561 02782613.7551 00000869.5322 -0002286.1163 00006738.9755 01542440.7765 00020590.4726
> 175474 1
H41 -2198088.5170 06666168.6104 02789351.4425 00000871.1855 -0002292.5243 00006736.3984 01538168.2429 00020505.6453
> 175475 1
H41 -2197216.5056 06663634.0067 02796086.5497 00000872.8370 -0002298.9304 00006733.8150 01533912.4310 00020420.1068
> 175476 1
H41 -2196342.8434 06661093.1470 02802819.0704 00000874.4869 -0002305.3346 00006731.2254 01529673.4840 00020333.8523
> 175477 1
H41 -2195467.5324 06658546.0335 02809548.9985 00000876.1350 -0002311.7369 00006728.6296 01525451.5465 00020246.8767
> 175478 1
H41 -2194590.5740 06655992.6683 02816276.3276 00000877.7814 -0002318.1372 00006726.0276 01521246.7637 00020159.1753
> 175479 1
H41 -2193711.9701 06653433.0534 02823001.0516 00000879.4261 -0002324.5356 00006723.4193 01517059.2821 00020070.7432
> 175480 1
H41 -2192831.7224 06650867.1910 02829723.1642 00000881.0691 -0002330.9321 00006720.8049 01512889.2491 00019981.5754
> 175481 1
H41 -2191949.8325 06648295.0832 02836442.6592 00000882.7103 -0002337.3266 00006718.1842 01508736.8130 00019891.6672
> 175482 1
H41 -2191066.3023 06645716.7322 02843159.5304 00000884.3499 -0002343.7192 00006715.5573 01504602.1233 00019801.0137
> 175483 1
H41 -2190181.1334 06643132.1400 02849873.7717 00000885.9877 -0002350.1098 00006712.9241 01500485.3303 00019709.6101
> 175484 1
H41 -2189294.3275 06640541.3088 02856585.3767 00000887.6237 -0002356.4984 00006710.2848 01496386.5854 00019617.4517
> 175485 1
H41 -2188405.8864 06637944.2408 02863294.3392 00000889.2581 -0002362.8851 00006707.6393 01492306.0410 00019524.5337
> 175486 1
H41 -2187515.8119 06635340.9381 02870000.6531 00000890.8907 -0002369.2698 00006704.9875 01488243.8503 00019430.8514
> 175487 1
H41 -2186624.1056 06632731.4028 02876704.3122 00000892.5216 -0002375.6525 00006702.3296 01484200.1678 00019336.4001
> 175488 1
H41 -2185730.7692 06630115.6372 02883405.3103 00000894.1508 -0002382.0332 00006699.6655 01480175.1487 00019241.1752
> 175489 1
H41 -2184835.8045 06627493.6433 02890103.6411 00000895.7782 -0002388.4119 00006696.9951 01476168.9492 00019145.1719
> 175490 1
H41 -2183939.2133 06624865.4234 02896799.2984 00000897.4039 -0002394.7886 00006694.3186 01472181.7265 00019048.3859
> 175491 1
H41 -2183040.9973 06622230.9796 02903492.2762 00000899.0279 -0002401.1633 00006691.6359 01468213.6388 00018950.8125
> 175492 1
H41 -2182141.1581 06619590.3142 02910182.5681 00000900.6502 -0002407.5360 00006688.9469 01464264.8452 00018852.4471
> 175493 1
H41 -2181239.6975 06616943.4292 02916870.1680 00000902.2707 -0002413.9067 00006686.2518 01460335.5056 00018753.2855
> 175494 1
H41 -2180336.6173 06614290.3270 02923555.0697 00000903.8894 -0002420.2753 00006683.5505 01456425.7810 00018653.3230
> 175495 1
H41 -2179431.9193 06611631.0097 02930237.2670 00000905.5064 -0002426.6419 00006680.8431 01452535.8333 00018552.5555
> 175496 1
H41 -2178525.6050 06608965.4796 02936916.7538 00000907.1217 -0002433.0065 00006678.1294 01448665.8252 00018450.9786
> 175497 1
H41 -2177617.6764 06606293.7388 02943593.5238 00000908.7353 -0002439.3690 00006675.4096 01444815.9204 00018348.5880
> 175498 1
H41 -2176708.1350 06603615.7895 02950267.5709 00000910.3471 -0002445.7295 00006672.6836 01440986.2833 00018245.3796
> 175499 1
H41 -2175796.9827 06600931.6341 02956938.8890 00000911.9572 -0002452.0879 00006669.9514 01437177.0795 00018141.3492
> 175500 1
H41 -2174884.2213 06598241.2746 02963607.4717 00000913.5655 -0002458.4443 00006667.2131 01433388.4752 00018036.4927
> 175501 1
H41 -2173969.8524 06595544.7135 02970273.3130 00000915.1721 -0002464.7986 00006664.4686 01429620.6374 00017930.8061
> 175502 1
H41 -2173053.8777 06592841.9529 02976936.4068 00000916.7769 -0002471.1508 00006661.7179 01425873.7342 00017824.2856
> 175503 1
H41 -2172136.2991 06590132.9950 02983596.7467 00000918.3800 -0002477.5009 00006658.9610 01422147.9342 00017716.9273
> 175504 1
H41 -2171217.1183 06587417.8421 02990254.3268 00000919.9813 -0002483.8489 00006656.1980 01418443.4072 00017608.7273
> 175505 1
H41 -2170296.3371 06584696.4966 02996909.1408 00000921.5809 -0002490.1948 00006653.4289 01414760.3234 00017499.6819
> 175506 1
H41 -2169373.9571 06581968.9606 03003561.1825 00000923.1787 -0002496.5387 00006650.6536 01411098.8540 00017389.7876
> 175507 1
H41 -2168449.9802 06579235.2364 03010210.4459 00000924.7748 -0002502.8804 00006647.8721 01407459.1709 00017279.0408
> 175508 1
H41 -2167524.4080 06576495.3264 03016856.9247 00000926.3692 -0002509.2200 00006645.0845 01403841.4468 00017167.4380
> 175509 1
H41 -2166597.2424 06573749.2327 03023500.6128 00000927.9617 -0002515.5575 00006642.2907 01400245.8550 00017054.9759
> 175510 1
H41 -2165668.4851 06570996.9577 03030141.5041 00000929.5526 -0002521.8928 00006639.4908 01396672.5697 00016941.6512
> 175511 1
H41 -2164738.1378 06568238.5038 03036779.5924 00000931.1416 -0002528.2261 00006636.6848 01393121.7656 00016827.4606
> 175512 1
H41 -2163806.2024 06565473.8731 03043414.8716 00000932.7290 -0002534.5572 00006633.8726 01389593.6181 00016712.4013
> 175513 1
H41 -2162872.6805 06562703.0681 03050047.3355 00000934.3145 -0002540.8861 00006631.0543 01386088.3034 00016596.4701
> 175514 1
H41 -2161937.5740 06559926.0910 03056676.9781 00000935.8983 -0002547.2129 00006628.2298 01382605.9982 00016479.6643
> 175515 1
H41 -2161000.8845 06557142.9441 03063303.7931 00000937.4803 -0002553.5375 00006625.3992 01379146.8798 00016361.9810
> 175516 1
H41 -2160062.6139 06554353.6298 03069927.7745 00000939.0606 -0002559.8600 00006622.5625 01375711.1262 00016243.4176
> 175517 1
H41 -2159122.7639 06551558.1504 03076548.9161 00000940.6391 -0002566.1803 00006619.7197 01372298.9158 00016123.9717
> 175518 1
H41 -2158181.3363 06548756.5083 03083167.2118 00000942.2159 -0002572.4984 00006616.8707 01368910.4277 00016003.6408
> 175519 1
H41 -2157238.3328 06545948.7058 03089782.6554 00000943.7908 -0002578.8144 00006614.0156 01365545.8415 00015882.4227
> 175520 1
H41 -2156293.7552 06543134.7452 03096395.2410 00000945.3641 -0002585.1281 00006611.1544 01362205.3372 00015760.3151
> 175521 1
H41 -2155347.6052 06540314.6290 03103004.9622 00000946.9355 -0002591.4397 00006608.2871 01358889.0952 00015637.3162
> 175522 1
H41 -2154399.8848 06537488.3594 03109611.8131 00000948.5052 -0002597.7490 00006605.4137 01355597.2966 00015513.4239
> 175523 1
H41 -2153450.5955 06534655.9389 03116215.7875 00000950.0731 -0002604.0562 00006602.5341 01352330.1227 00015388.6367
> 175524 1
H41 -2152499.7392 06531817.3698 03122816.8793 00000951.6392 -0002610.3611 00006599.6485 01349087.7552 00015262.9529
> 175525 1
H41 -2151547.3176 06528972.6545 03129415.0824 00000953.2036 -0002616.6638 00006596.7567 01345870.3763 00015136.3710
> 175526 1
H41 -2150593.3326 06526121.7954 03136010.3907 00000954.7662 -0002622.9643 00006593.8588 01342678.1683 00015008.8898
> 175527 1
H41 -2149637.7859 06523264.7949 03142602.7980 00000956.3270 -0002629.2626 00006590.9549 01339511.3141 00014880.5082
> 175528 1
H41 -2148680.6792 06520401.6554 03149192.2984 00000957.8860 -0002635.5586 00006588.0448 01336369.9965 00014751.2251
> 175529 1
H41 -2147722.0144 06517532.3792 03155778.8857 00000959.4433 -0002641.8524 00006585.1287 01333254.3988 00014621.0397
> 175530 1
H41 -2146761.7931 06514656.9689 03162362.5537 00000960.9988 -0002648.1439 00006582.2064 01330164.7044 00014489.9515
> 175531 1
H41 -2145800.0173 06511775.4269 03168943.2965 00000962.5525 -0002654.4332 00006579.2781 01327101.0969 00014357.9598
> 175532 1
H41 -2144836.6887 06508887.7554 03175521.1080 00000964.1045 -0002660.7202 00006576.3437 01324063.7601 00014225.0645
> 175533 1
H41 -2143871.8090 06505993.9571 03182095.9819 00000965.6546 -0002667.0049 00006573.4032 01321052.8776 00014091.2654
> 175534 1
H41 -2142905.3801 06503094.0342 03188667.9123 00000967.2030 -0002673.2874 00006570.4566 01318068.6336 00013956.5625
> 175535 1
H41 -2141937.4036 06500187.9893 03195236.8931 00000968.7496 -0002679.5676 00006567.5040 01315111.2117 00013820.9561
> 175536 1
H41 -2140967.8815 06497275.8248 03201802.9182 00000970.2944 -0002685.8455 00006564.5452 01312180.7960 00013684.4465
> 175537 1
H41 -2139996.8155 06494357.5432 03208365.9816 00000971.8374 -0002692.1211 00006561.5804 01309277.5703 00013547.0346
> 175538 1
H41 -2139024.2073 06491433.1469 03214926.0771 00000973.3786 -0002698.3944 00006558.6096 01306401.7183 00013408.7209
> 175539 1
H41 -2138050.0588 06488502.6383 03221483.1987 00000974.9181 -0002704.6654 00006555.6326 01303553.4237 00013269.5067
> 175540 1
H41 -2137074.3717 06485566.0200 03228037.3403 00000976.4558 -0002710.9341 00006552.6496 01300732.8699 00013129.3930
> 175541 1
H41 -2136097.1479 06482623.2945 03234588.4959 00000977.9916 -0002717.2005 00006549.6605 01297940.2402 00012988.3813
> 175542 1
H41 -2135118.3890 06479674.4641 03241136.6594 00000979.5257 -0002723.4645 00006546.6654 01295175.7176 00012846.4733
> 175543 1
H41 -2134138.0970 06476719.5315 03247681.8247 00000981.0580 -0002729.7262 00006543.6642 01292439.4849 00012703.6708
> 175544 1
H41 -2133156.2736 06473758.4990 03254223.9858 00000982.5885 -0002735.9856 00006540.6570 01289731.7243 00012559.9759
> 175545 1
H41 -2132172.9206 06470791.3692 03260763.1367 00000984.1172 -0002742.2426 00006537.6437 01287052.6180 00012415.3908
> 175546 1
H41 -2131188.0398 06467818.1446 03267299.2713 00000985.6441 -0002748.4973 00006534.6244 01284402.3474 00012269.9181
> 175547 1
H41 -2130201.6329 06464838.8278 03273832.3835 00000987.1693 -0002754.7497 00006531.5990 01281781.0938 00012123.5606
> 175548 1
H41 -2129213.7019 06461853.4211 03280362.4673 00000988.6926 -0002760.9996 00006528.5676 01279189.0376 00011976.3211
> 175549 1
H41 -2128224.2484 06458861.9272 03286889.5166 00000990.2141 -0002767.2472 00006525.5301 01276626.3590 00011828.2030
> 175550 1
H41 -2127233.2743 06455864.3486 03293413.5255 00000991.7338 -0002773.4925 00006522.4866 01274093.2374 00011679.2096
> 175551 1
H41 -2126240.7813 06452860.6878 03299934.4879 00000993.2518 -0002779.7353 00006519.4371 01271589.8514 00011529.3446
> 175552 1
H41 -2125246.7713 06449850.9474 03306452.3977 00000994.7679 -0002785.9758 00006516.3816 01269116.3793 00011378.6120
> 175553 1
H41 -2124251.2461 06446835.1298 03312967.2490 00000996.2822 -0002792.2139 00006513.3200 01266672.9983 00011227.0159
> 175554 1
H41 -2123254.2075 06443813.2377 03319479.0357 00000997.7947 -0002798.4496 00006510.2524 01264259.8849 00011074.5607
> 175555 1
H41 -2122255.6573 06440785.2737 03325987.7517 00000999.3055 -0002804.6828 00006507.1787 01261877.2148 00010921.2511
> 175556 1
H41 -2121255.5972 06437751.2402 03332493.3911 00001000.8144 -0002810.9137 00006504.0991 01259525.1627 00010767.0921
> 175557 1
H41 -2120254.0291 06434711.1398 03338995.9479 00001002.3215 -0002817.1422 00006501.0134 01257203.9025 00010612.0888
> 175558 1
H41 -2119250.9548 06431664.9752 03345495.4159 00001003.8268 -0002823.3682 00006497.9217 01254913.6069 00010456.2466
> 175559 1
H41 -2118246.3761 06428612.7489 03351991.7893 00001005.3303 -0002829.5918 00006494.8240 01252654.4477 00010299.5712
> 175560 1
H41 -2117240.2948 06425554.4635 03358485.0620 00001006.8320 -0002835.8130 00006491.7203 01250426.5956 00010142.0686
> 175561 1
H41 -2116232.7127 06422490.1216 03364975.2280 00001008.3319 -0002842.0317 00006488.6106 01248230.2199 00009983.7450
> 175562 1
H41 -2115223.6317 06419419.7257 03371462.2812 00001009.8299 -0002848.2480 00006485.4949 01246065.4890 00009824.6068
> 175563 1
H41 -2114213.0534 06416343.2786 03377946.2158 00001011.3262 -0002854.4618 00006482.3732 01243932.5698 00009664.6609
> 175564 1
H41 -2113200.9799 06413260.7828 03384427.0256 00001012.8207 -0002860.6732 00006479.2455 01241831.6281 00009503.9141
> 175565 1
H41 -2112187.4127 06410172.2408 03390904.7048 00001014.3133 -0002866.8821 00006476.1118 01239762.8280 00009342.3739
> 175566 1
H41 -2111172.3539 06407077.6555 03397379.2472 00001015.8041 -0002873.0885 00006472.9721 01237726.3324 00009180.0477
> 175567 1
H41 -2110155.8051 06403977.0293 03403850.6470 00001017.2931 -0002879.2925 00006469.8264 01235722.3028 00009016.9433
> 175568 1
H41 -2109137.7683 06400870.3649 03410318.8981 00001018.7803 -0002885.4940 00006466.6748 01233750.8989 00008853.0689
> 175569 1
H41 -2108118.2451 06397757.6650 03416783.9946 00001020.2657 -0002891.6930 00006463.5171 01231812.2790 00008688.4328
> 175570 1
H41 -2107097.2375 06394638.9321 03423245.9304 00001021.7492 -0002897.8895 00006460.3535 01229906.5996 00008523.0437
> 175571 1
H41 -2106074.7473 06391514.1690 03429704.6996 00001023.2310 -0002904.0835 00006457.1839 01228034.0158 00008356.9103
> 175572 1
H41 -2105050.7762 06388383.3784 03436160.2962 00001024.7109 -0002910.2749 00006454.0083 01226194.6805 00008190.0419
> 175573 1
H41 -2104025.3261 06385246.5627 03442612.7143 00001026.1890 -0002916.4639 00006450.8268 01224388.7451 00008022.4480
> 175574 1
H41 -2102998.3989 06382103.7249 03449061.9479 00001027.6652 -0002922.6504 00006447.6393 01222616.3590 00007854.1382
> 175575 1
H41 -2101969.9963 06378954.8674 03455507.9909 00001029.1397 -0002928.8343 00006444.4458 01220877.6698 00007685.1226
> 175576 1
H41 -2100940.1201 06375799.9930 03461950.8375 00001030.6123 -0002935.0157 00006441.2464 01219172.8230 00007515.4113
> 175577 1
H41 -2099908.7723 06372639.1044 03468390.4817 00001032.0831 -0002941.1946 00006438.0410 01217501.9621 00007345.0149
> 175578 1
H41 -2098875.9545 06369472.2043 03474826.9175 00001033.5521 -0002947.3709 00006434.8296 01215865.2285 00007173.9441
> 175579 1
H41 -2097841.6687 06366299.2954 03481260.1390 00001035.0192 -0002953.5447 00006431.6123 01214262.7615 00007002.2101
> 175580 1
H41 -2096805.9167 06363120.3803 03487690.1402 00001036.4845 -0002959.7159 00006428.3891 01212694.6981 00006829.8241
> 175581 1
H41 -2095768.7003 06359935.4618 03494116.9152 00001037.9480 -0002965.8845 00006425.1599 01211161.1733 00006656.7977
> 175582 1
H41 -2094730.0212 06356744.5426 03500540.4580 00001039.4097 -0002972.0506 00006421.9248 01209662.3196 00006483.1427
> 175583 1
H41 -2093689.8815 06353547.6255 03506960.7628 00001040.8695 -0002978.2141 00006418.6837 01208198.2671 00006308.8712
> 175584 1
H41 -2092648.2828 06350344.7131 03513377.8234 00001042.3275 -0002984.3751 00006415.4367 01206769.1436 00006133.9955
> 175585 1
H41 -2091605.2271 06347135.8082 03519791.6341 00001043.7837 -0002990.5334 00006412.1837 01205375.0744 00005958.5282
> 175586 1
H41 -2090560.7161 06343920.9135 03526202.1889 00001045.2380 -0002996.6892 00006408.9248 01204016.1823 00005782.4822
> 175587 1
H41 -2089514.7516 06340700.0317 03532609.4818 00001046.6905 -0003002.8423 00006405.6600 01202692.5876 00005605.8706
> 175588 1
H41 -2088467.3357 06337473.1657 03539013.5069 00001048.1412 -0003008.9929 00006402.3893 01201404.4079 00005428.7065
> 175589 1
H41 -2087418.4699 06334240.3182 03545414.2584 00001049.5900 -0003015.1408 00006399.1126 01200151.7583 00005251.0037
> 175590 1
H41 -2086368.1563 06331001.4919 03551811.7302 00001051.0370 -0003021.2862 00006395.8300 01198934.7509 00005072.7759
> 175591 1
H41 -2085316.3966 06327756.6896 03558205.9165 00001052.4821 -0003027.4289 00006392.5415 01197753.4953 00004894.0371
> 175592 1
H41 -2084263.1926 06324505.9141 03564596.8113 00001053.9254 -0003033.5689 00006389.2471 01196608.0982 00004714.8015
> 175593 1
H41 -2083208.5463 06321249.1681 03570984.4088 00001055.3669 -0003039.7064 00006385.9468 01195498.6635 00004535.0836
> 175594 1
H41 -2082152.4594 06317986.4545 03577368.7030 00001056.8065 -0003045.8412 00006382.6406 01194425.2922 00004354.8981
> 175595 1
H41 -2081094.9338 06314717.7760 03583749.6880 00001058.2443 -0003051.9734 00006379.3285 01193388.0823 00004174.2599
> 175596 1
H41 -2080035.9714 06311443.1354 03590127.3580 00001059.6803 -0003058.1029 00006376.0104 01192387.1290 00003993.1841
> 175597 1
H41 -2078975.5739 06308162.5356 03596501.7069 00001061.1144 -0003064.2297 00006372.6865 01191422.5241 00003811.6858
> 175598 1
H41 -2077913.7433 06304875.9793 03602872.7290 00001062.5466 -0003070.3539 00006369.3567 01190494.3569 00003629.7807
> 175599 1
H41 -2076850.4813 06301583.4694 03609240.4183 00001063.9770 -0003076.4754 00006366.0210 01189602.7131 00003447.4844
> 175600 1
H41 -2075785.7898 06298285.0086 03615604.7690 00001065.4056 -0003082.5943 00006362.6794 01188747.6755 00003264.8128
> 175601 1
H41 -2074719.6707 06294980.5999 03621965.7751 00001066.8323 -0003088.7104 00006359.3319 01187929.3236 00003081.7817
> 175602 1
H41 -2073652.1258 06291670.2460 03628323.4308 00001068.2572 -0003094.8239 00006355.9785 01187147.7339 00002898.4076
> 175603 1
H41 -2072583.1569 06288353.9497 03634677.7301 00001069.6802 -0003100.9347 00006352.6192 01186402.9795 00002714.7067
> 175604 1
H41 -2071512.7660 06285031.7139 03641028.6673 00001071.1014 -0003107.0428 00006349.2541 01185695.1302 00002530.6955
> 175605 1
H41 -2070440.9548 06281703.5415 03647376.2364 00001072.5207 -0003113.1481 00006345.8831 01185024.2525 00002346.3906
> 175606 1
H41 -2069367.7252 06278369.4353 03653720.4315 00001073.9382 -0003119.2508 00006342.5062 01184390.4096 00002161.8090
> 175607 1
H41 -2068293.0791 06275029.3982 03660061.2469 00001075.3538 -0003125.3507 00006339.1235 01183793.6614 00001976.9675
> 175608 1
H41 -2067217.0183 06271683.4330 03666398.6766 00001076.7675 -0003131.4480 00006335.7349 01183234.0642 00001791.8831
> 175609 1
H41 -2066139.5447 06268331.5427 03672732.7147 00001078.1794 -0003137.5424 00006332.3404 01182711.6710 00001606.5731
> 175610 1
H41 -2065060.6601 06264973.7300 03679063.3555 00001079.5895 -0003143.6342 00006328.9401 01182226.5315 00001421.0548
> 175611 1
H41 -2063980.3663 06261609.9979 03685390.5930 00001080.9977 -0003149.7232 00006325.5339 01181778.6916 00001235.3455
> 175612 1
H41 -2062898.6653 06258240.3492 03691714.4214 00001082.4040 -0003155.8095 00006322.1219 01181368.1939 00001049.4627
> 175613 1
H41 -2061815.5589 06254864.7869 03698034.8349 00001083.8085 -0003161.8930 00006318.7040 01180995.0774 00000863.4241
> 175614 1
H41 -2060731.0489 06251483.3138 03704351.8275 00001085.2111 -0003167.9737 00006315.2803 01180659.3778 00000677.2472
> 175615 1
H41 -2059645.1373 06248095.9329 03710665.3935 00001086.6119 -0003174.0517 00006311.8507 01180361.1269 00000490.9498
> 175616 1
H41 -2058557.8258 06244702.6470 03716975.5271 00001088.0108 -0003180.1269 00006308.4153 01180100.3532 00000304.5498
> 175617 1
H41 -2057469.1164 06241303.4592 03723282.2223 00001089.4078 -0003186.1994 00006304.9741 01179877.0815 00000118.0648
> 175618 1
H41 -2056379.0108 06237898.3722 03729585.4733 00001090.8030 -0003192.2690 00006301.5270 01179691.3330 -0000068.4871
> 175619 1
H41 -2055287.5110 06234487.3891 03735885.2744 00001092.1963 -0003198.3359 00006298.0741 01179543.1253 -0000255.0881
> 175620 1
H41 -2054194.6188 06231070.5127 03742181.6197 00001093.5878 -0003204.4000 00006294.6154 01179432.4726 -0000441.7201
> 175621 1
H41 -2053100.3361 06227647.7460 03748474.5033 00001094.9773 -0003210.4612 00006291.1509 01179359.3851 -0000628.3652
> 175622 1
H41 -2052004.6648 06224219.0920 03754763.9195 00001096.3651 -0003216.5197 00006287.6805 01179323.8697 -0000815.0054
> 175623 1
H41 -2050907.6066 06220784.5536 03761049.8624 00001097.7509 -0003222.5753 00006284.2043 01179325.9294 -0001001.6228
> 175624 1
H41 -2049809.1636 06217344.1338 03767332.3262 00001099.1349 -0003228.6282 00006280.7223 01179365.5640 -0001188.1992
> 175625 1
H41 -2048709.3375 06213897.8355 03773611.3051 00001100.5170 -0003234.6782 00006277.2345 01179442.7692 -0001374.7168
> 175626 1
H41 -2047608.1302 06210445.6616 03779886.7933 00001101.8973 -0003240.7253 00006273.7409 01179557.5373 -0001561.1575
> 175627 1
H41 -2046505.5436 06206987.6152 03786158.7850 00001103.2756 -0003246.7697 00006270.2415 01179709.8571 -0001747.5035
> 175628 1
H41 -2045401.5795 06203523.6993 03792427.2744 00001104.6521 -0003252.8112 00006266.7363 01179899.7134 -0001933.7369
> 175629 1
H41 -2044296.2399 06200053.9168 03798692.2556 00001106.0268 -0003258.8498 00006263.2253 01180127.0879 -0002119.8398
> 175630 1
H41 -2043189.5266 06196578.2707 03804953.7230 00001107.3995 -0003264.8856 00006259.7085 01180391.9583 -0002305.7944
> 175631 1
H41 -2042081.4414 06193096.7641 03811211.6706 00001108.7704 -0003270.9185 00006256.1859 01180694.2988 -0002491.5831
> 175632 1
H41 -2040971.9863 06189609.3998 03817466.0927 00001110.1394 -0003276.9486 00006252.6575 01181034.0802 -0002677.1882
> 175633 1
H41 -2039861.1632 06186116.1810 03823716.9836 00001111.5066 -0003282.9758 00006249.1233 01181411.2695 -0002862.5921
> 175634 1
H41 -2038748.9738 06182617.1106 03829964.3374 00001112.8719 -0003289.0001 00006245.5834 01181825.8303 -0003047.7773
> 175635 1
H41 -2037635.4201 06179112.1917 03836208.1484 00001114.2352 -0003295.0215 00006242.0376 01182277.7226 -0003232.7265
> 175636 1
H41 -2036520.5039 06175601.4272 03842448.4108 00001115.5968 -0003301.0400 00006238.4861 01182766.9030 -0003417.4224
> 175637 1
H41 -2035404.2272 06172084.8203 03848685.1188 00001116.9564 -0003307.0557 00006234.9289 01183293.3245 -0003601.8478
> 175638 1
H41 -2034286.5918 06168562.3739 03854918.2666 00001118.3141 -0003313.0684 00006231.3658 01183856.9366 -0003785.9858
> 175639 1
H41 -2033167.5996 06165034.0911 03861147.8485 00001119.6700 -0003319.0782 00006227.7970 01184457.6855 -0003969.8193
> 175640 1
H41 -2032047.2524 06161499.9750 03867373.8587 00001121.0240 -0003325.0852 00006224.2225 01185095.5138 -0004153.3317
> 175641 1
H41 -2030925.5522 06157960.0285 03873596.2915 00001122.3761 -0003331.0891 00006220.6421 01185770.3609 -0004336.5062
> 175642 1
H41 -2029802.5008 06154414.2548 03879815.1411 00001123.7263 -0003337.0902 00006217.0561 01186482.1626 -0004519.3265
> 175643 1
H41 -2028678.1001 06150862.6569 03886030.4017 00001125.0747 -0003343.0884 00006213.4642 01187230.8516 -0004701.7762
> 175644 1
H41 -2027552.3520 06147305.2378 03892242.0677 00001126.4212 -0003349.0836 00006209.8667 01188016.3572 -0004883.8390
> 175645 1
H41 -2026425.2584 06143742.0008 03898450.1332 00001127.7657 -0003355.0758 00006206.2633 01188838.6054 -0005065.4992
> 175646 1
H41 -2025296.8212 06140172.9487 03904654.5925 00001129.1084 -0003361.0651 00006202.6543 01189697.5189 -0005246.7408
> 175647 1
H41 -2024167.0422 06136598.0848 03910855.4398 00001130.4492 -0003367.0515 00006199.0395 01190593.0174 -0005427.5482
> 175648 1
H41 -2023035.9233 06133017.4122 03917052.6695 00001131.7882 -0003373.0349 00006195.4190 01191525.0172 -0005607.9059
> 175649 1
H41 -2021903.4665 06129430.9338 03923246.2758 00001133.1252 -0003379.0153 00006191.7927 01192493.4317 -0005787.7988
> 175650 1
H41 -2020769.6736 06125838.6528 03929436.2530 00001134.4603 -0003384.9927 00006188.1607 01193498.1710 -0005967.2119
> 175651 1
H41 -2019634.5464 06122240.5724 03935622.5954 00001135.7936 -0003390.9672 00006184.5230 01194539.1422 -0006146.1301
> 175652 1
H41 -2018498.0870 06118636.6956 03941805.2971 00001137.1250 -0003396.9387 00006180.8796 01195616.2495 -0006324.5390
> 175653 1
H41 -2017360.2971 06115027.0256 03947984.3526 00001138.4544 -0003402.9072 00006177.2304 01196729.3940 -0006502.4242
> 175654 1
H41 -2016221.1787 06111411.5655 03954159.7560 00001139.7820 -0003408.8727 00006173.5755 01197878.4740 -0006679.7714
> 175655 1
H41 -2015080.7337 06107790.3184 03960331.5018 00001141.1077 -0003414.8352 00006169.9150 01199063.3848 -0006856.5668
> 175656 1
H41 -2013938.9639 06104163.2875 03966499.5841 00001142.4315 -0003420.7947 00006166.2487 01200284.0189 -0007032.7965
> 175657 1
H41 -2012795.8713 06100530.4758 03972663.9972 00001143.7534 -0003426.7512 00006162.5767 01201540.2661 -0007208.4471
> 175658 1
H41 -2011651.4577 06096891.8866 03978824.7356 00001145.0734 -0003432.7046 00006158.8990 01202832.0132 -0007383.5054
> 175659 1
H41 -2010505.7251 06093247.5230 03984981.7933 00001146.3915 -0003438.6550 00006155.2156 01204159.1447 -0007557.9584
> 175660 1
H41 -2009358.6753 06089597.3882 03991135.1649 00001147.7078 -0003444.6024 00006151.5265 01205521.5421 -0007731.7932
> 175661 1
H41 -2008210.3102 06085941.4853 03997284.8445 00001149.0221 -0003450.5468 00006147.8318 01206919.0844 -0007904.9975
> 175662 1
H41 -2007060.6317 06082279.8175 04003430.8265 00001150.3345 -0003456.4881 00006144.1313 01208351.6482 -0008077.5589
> 175663 1
H41 -2005909.6418 06078612.3880 04009573.1052 00001151.6450 -0003462.4264 00006140.4252 01209819.1074 -0008249.4655
> 175664 1
H41 -2004757.3423 06074939.1999 04015711.6750 00001152.9537 -0003468.3616 00006136.7133 01211321.3337 -0008420.7054
> 175665 1
H41 -2003603.7351 06071260.2565 04021846.5301 00001154.2604 -0003474.2938 00006132.9959 01212858.1960 -0008591.2674
> 175666 1
H41 -2002448.8222 06067575.5609 04027977.6648 00001155.5652 -0003480.2229 00006129.2727 01214429.5613 -0008761.1400
> 175667 1
H41 -2001292.6053 06063885.1164 04034105.0735 00001156.8681 -0003486.1489 00006125.5438 01216035.2941 -0008930.3125
> 175668 1
H41 -2000135.0865 06060188.9260 04040228.7506 00001158.1692 -0003492.0718 00006121.8093 01217675.2565 -0009098.7741
> 175669 1
H41 -1998976.2676 06056486.9932 04046348.6903 00001159.4683 -0003497.9917 00006118.0692 01219349.3088 -0009266.5143
> 175670 1
H41 -1997816.1506 06052779.3210 04052464.8870 00001160.7655 -0003503.9084 00006114.3233 01221057.3089 -0009433.5232
> 175671 1
H41 -1996654.7373 06049065.9127 04058577.3351 00001162.0608 -0003509.8221 00006110.5719 01222799.1127 -0009599.7908
> 175672 1
H41 -1995492.0296 06045346.7715 04064686.0288 00001163.3542 -0003515.7327 00006106.8147 01224574.5740 -0009765.3075
> 175673 1
H41 -1994328.0294 06041621.9006 04070790.9626 00001164.6457 -0003521.6401 00006103.0519 01226383.5448 -0009930.0640
> 175674 1
H41 -1993162.7388 06037891.3034 04076892.1308 00001165.9353 -0003527.5445 00006099.2835 01228225.8750 -0010094.0513
> 175675 1
H41 -1991996.1594 06034154.9829 04082989.5277 00001167.2230 -0003533.4457 00006095.5094 01230101.4127 -0010257.2606
> 175676 1
H41 -1990828.2934 06030412.9425 04089083.1478 00001168.5088 -0003539.3438 00006091.7297 01232010.0044 -0010419.6834
> 175677 1
H41 -1989659.1425 06026665.1855 04095172.9853 00001169.7927 -0003545.2388 00006087.9444 01233951.4945 -0010581.3115
> 175678 1
H41 -1988488.7087 06022911.7150 04101259.0346 00001171.0746 -0003551.1306 00006084.1534 01235925.7261 -0010742.1370
> 175679 1
H41 -1987316.9938 06019152.5344 04107341.2902 00001172.3547 -0003557.0193 00006080.3568 01237932.5402 -0010902.1521
> 175680 1
H41 -1986143.9999 06015387.6470 04113419.7463 00001173.6328 -0003562.9049 00006076.5545 01239971.7766 -0011061.3495
> 175681 1
H41 -1984969.7288 06011617.0559 04119494.3974 00001174.9091 -0003568.7872 00006072.7467 01242043.2735 -0011219.7220
> 175682 1
H41 -1983794.1824 06007840.7645 04125565.2378 00001176.1834 -0003574.6665 00006068.9332 01244146.8675 -0011377.2629
> 175683 1
H41 -1982617.3627 06004058.7760 04131632.2620 00001177.4558 -0003580.5425 00006065.1141 01246282.3939 -0011533.9654
> 175684 1
H41 -1981439.2715 06000271.0939 04137695.4642 00001178.7263 -0003586.4154 00006061.2894 01248449.6864 -0011689.8234
> 175685 1
H41 -1980259.9107 05996477.7212 04143754.8390 00001179.9949 -0003592.2852 00006057.4591 01250648.5778 -0011844.8307
> 175686 1
H41 -1979079.2823 05992678.6615 04149810.3806 00001181.2615 -0003598.1517 00006053.6232 01252878.8994 -0011998.9817
> 175687 1
H41 -1977897.3883 05988873.9179 04155862.0836 00001182.5263 -0003604.0151 00006049.7817 01255140.4812 -0012152.2706
> 175688 1
H41 -1976714.2304 05985063.4938 04161909.9422 00001183.7891 -0003609.8752 00006045.9346 01257433.1522 -0012304.6924
> 175689 1
H41 -1975529.8107 05981247.3925 04167953.9510 00001185.0500 -0003615.7322 00006042.0819 01259756.7402 -0012456.2420
> 175690 1
H41 -1974344.1310 05977425.6174 04173994.1042 00001186.3090 -0003621.5859 00006038.2237 01262111.0722 -0012606.9147
> 175691 1
H41 -1973157.1932 05973598.1717 04180030.3964 00001187.5661 -0003627.4364 00006034.3598 01264495.9739 -0012756.7060
> 175692 1
H41 -1971968.9993 05969765.0588 04186062.8219 00001188.8213 -0003633.2838 00006030.4903 01266911.2702 -0012905.6117
> 175693 1
H41 -1970779.5513 05965926.2821 04192091.3752 00001190.0745 -0003639.1279 00006026.6153 01269356.7852 -0013053.6278
> 175694 1
H41 -1969588.8509 05962081.8448 04198116.0507 00001191.3259 -0003644.9687 00006022.7347 01271832.3418 -0013200.7506
> 175695 1
H41 -1968396.9002 05958231.7504 04204136.8428 00001192.5753 -0003650.8064 00006018.8485 01274337.7626 -0013346.9766
> 175696 1
H41 -1967203.7010 05954376.0022 04210153.7459 00001193.8227 -0003656.6408 00006014.9568 01276872.8691 -0013492.3025
> 175697 1
H41 -1966009.2553 05950514.6035 04216166.7545 00001195.0683 -0003662.4719 00006011.0595 01279437.4823 -0013636.7254
> 175698 1
H41 -1964813.5651 05946647.5578 04222175.8630 00001196.3119 -0003668.2998 00006007.1566 01282031.4224 -0013780.2424
> 175699 1
H41 -1963616.6321 05942774.8685 04228181.0659 00001197.5537 -0003674.1245 00006003.2482 01284654.5092 -0013922.8512
> 175700 1
H41 -1962418.4584 05938896.5388 04234182.3575 00001198.7934 -0003679.9458 00005999.3342 01287306.5617 -0014064.5493
> 175701 1
H41 -1961219.0458 05935012.5722 04240179.7324 00001200.0313 -0003685.7639 00005995.4147 01289987.3985 -0014205.3347
> 175702 1
H41 -1960018.3964 05931122.9720 04246173.1851 00001201.2673 -0003691.5788 00005991.4896 01292696.8379 -0014345.2055
> 175703 1
H41 -1958816.5120 05927227.7417 04252162.7098 00001202.5013 -0003697.3903 00005987.5590 01295434.6977 -0014484.1602
> 175704 1
H41 -1957613.3945 05923326.8847 04258148.3012 00001203.7334 -0003703.1986 00005983.6228 01298200.7951 -0014622.1973
> 175705 1
H41 -1956409.0459 05919420.4044 04264129.9537 00001204.9635 -0003709.0036 00005979.6812 01300994.9473 -0014759.3155
> 175706 1
H41 -1955203.4681 05915508.3042 04270107.6617 00001206.1917 -0003714.8052 00005975.7339 01303816.9710 -0014895.5140
> 175707 1
H41 -1953996.6631 05911590.5874 04276081.4197 00001207.4181 -0003720.6036 00005971.7812 01306666.6828 -0015030.7919
> 175708 1
H41 -1952788.6327 05907667.2577 04282051.2222 00001208.6424 -0003726.3987 00005967.8229 01309543.8990 -0015165.1487
> 175709 1
H41 -1951579.3788 05903738.3182 04288017.0637 00001209.8649 -0003732.1904 00005963.8591 01312448.4358 -0015298.5839
> 175710 1
H41 -1950368.9035 05899803.7726 04293978.9386 00001211.0854 -0003737.9789 00005959.8898 01315380.1093 -0015431.0973
> 175711 1
H41 -1949157.2087 05895863.6242 04299936.8415 00001212.3040 -0003743.7640 00005955.9150 01318338.7354 -0015562.6891
> 175712 1
H41 -1947944.2962 05891917.8765 04305890.7668 00001213.5206 -0003749.5457 00005951.9347 01321324.1302 -0015693.3593
> 175713 1
H41 -1946730.1681 05887966.5330 04311840.7090 00001214.7353 -0003755.3242 00005947.9488 01324336.1094 -0015823.1083
> 175714 1
H41 -1945514.8262 05884009.5970 04317786.6626 00001215.9481 -0003761.0993 00005943.9575 01327374.4893 -0015951.9367
> 175715 1
H41 -1944298.2725 05880047.0721 04323728.6222 00001217.1590 -0003766.8710 00005939.9607 01330439.0856 -0016079.8452
> 175716 1
H41 -1943080.5089 05876078.9617 04329666.5821 00001218.3679 -0003772.6394 00005935.9583 01333529.7148 -0016206.8347
> 175717 1
H41 -1941861.5373 05872105.2694 04335600.5370 00001219.5749 -0003778.4044 00005931.9505 01336646.1929 -0016332.9062
> 175718 1
H41 -1940641.3597 05868125.9985 04341530.4813 00001220.7799 -0003784.1661 00005927.9372 01339788.3366 -0016458.0611
> 175719 1
H41 -1939419.9781 05864141.1525 04347456.4095 00001221.9831 -0003789.9244 00005923.9184 01342955.9624 -0016582.3006
> 175720 1
H41 -1938197.3942 05860150.7350 04353378.3163 00001223.1842 -0003795.6793 00005919.8941 01346148.8874 -0016705.6263
> 175721 1
H41 -1936973.6102 05856154.7495 04359296.1960 00001224.3835 -0003801.4308 00005915.8644 01349366.9287 -0016828.0399
> 175722 1
H41 -1935748.6279 05852153.1994 04365210.0432 00001225.5808 -0003807.1790 00005911.8292 01352609.9037 -0016949.5433
> 175723 1
H41 -1934522.4493 05848146.0882 04371119.8524 00001226.7761 -0003812.9237 00005907.7885 01355877.6304 -0017070.1384
> 175724 1
H41 -1933295.0763 05844133.4196 04377025.6183 00001227.9696 -0003818.6651 00005903.7423 01359169.9270 -0017189.8274
> 175725 1
H41 -1932066.5108 05840115.1969 04382927.3352 00001229.1611 -0003824.4030 00005899.6907 01362486.6119 -0017308.6126
> 175726 1
H41 -1930836.7548 05836091.4237 04388824.9978 00001230.3506 -0003830.1375 00005895.6336 01365827.5043 -0017426.4962
> 175727 1
H41 -1929605.8102 05832062.1035 04394718.6007 00001231.5382 -0003835.8687 00005891.5711 01369192.4236 -0017543.4809
> 175728 1
H41 -1928373.6790 05828027.2399 04400608.1382 00001232.7239 -0003841.5963 00005887.5031 01372581.1896 -0017659.5694
> 175729 1
H41 -1927140.3631 05823986.8364 04406493.6051 00001233.9076 -0003847.3206 00005883.4297 01375993.6229 -0017774.7643
> 175730 1
H41 -1925905.8645 05819940.8965 04412374.9958 00001235.0894 -0003853.0414 00005879.3508 01379429.5443 -0017889.0686
> 175731 1
H41 -1924670.1850 05815889.4238 04418252.3049 00001236.2692 -0003858.7588 00005875.2665 01382888.7754 -0018002.4853
> 175732 1
H41 -1923433.3267 05811832.4219 04424125.5270 00001237.4471 -0003864.4728 00005871.1768 01386371.1381 -0018115.0174
> 175733 1
H41 -1922195.2914 05807769.8942 04429994.6566 00001238.6231 -0003870.1833 00005867.0816 01389876.4553 -0018226.6683
> 175734 1
H41 -1920956.0812 05803701.8445 04435859.6884 00001239.7971 -0003875.8903 00005862.9810 01393404.5501 -0018337.4413
> 175735 1
H41 -1919715.6979 05799628.2762 04441720.6169 00001240.9691 -0003881.5939 00005858.8750 01396955.2464 -0018447.3397
> 175736 1
H41 -1918474.1436 05795549.1929 04447577.4366 00001242.1392 -0003887.2940 00005854.7635 01400528.3688 -0018556.3672
> 175737 1
H41 -1917231.4201 05791464.5981 04453430.1421 00001243.3074 -0003892.9906 00005850.6467 01404123.7426 -0018664.5273
> 175738 1
H41 -1915987.5294 05787374.4956 04459278.7282 00001244.4736 -0003898.6838 00005846.5244 01407741.1936 -0018771.8237
> 175739 1
H41 -1914742.4735 05783278.8889 04465123.1892 00001245.6379 -0003904.3735 00005842.3967 01411380.5485 -0018878.2602
> 175740 1
H41 -1913496.2542 05779177.7815 04470963.5199 00001246.8002 -0003910.0596 00005838.2637 01415041.6347 -0018983.8408
> 175741 1
H41 -1912248.8736 05775071.1771 04476799.7147 00001247.9606 -0003915.7423 00005834.1252 01418724.2804 -0019088.5693
> 175742 1
H41 -1911000.3336 05770959.0792 04482631.7684 00001249.1191 -0003921.4215 00005829.9813 01422428.3144 -0019192.4498
> 175743 1
H41 -1909750.6362 05766841.4916 04488459.6755 00001250.2755 -0003927.0972 00005825.8320 01426153.5663 -0019295.4865
> 175744 1
H41 -1908499.7832 05762718.4178 04494283.4307 00001251.4301 -0003932.7694 00005821.6774 01429899.8667 -0019397.6834
> 175745 1
H41 -1907247.7767 05758589.8614 04500103.0285 00001252.5826 -0003938.4380 00005817.5173 01433667.0469 -0019499.0449
> 175746 1
H41 -1905994.6186 05754455.8261 04505918.4636 00001253.7333 -0003944.1031 00005813.3519 01437454.9389 -0019599.5753
> 175747 1
H41 -1904740.3108 05750316.3155 04511729.7305 00001254.8820 -0003949.7647 00005809.1811 01441263.3756 -0019699.2789
> 175748 1
H41 -1903484.8553 05746171.3332 04517536.8240 00001256.0287 -0003955.4228 00005805.0049 01445092.1910 -0019798.1602
> 175749 1
H41 -1902228.2541 05742020.8829 04523339.7386 00001257.1734 -0003961.0773 00005800.8234 01448941.2197 -0019896.2236
> 175750 1
H41 -1900970.5091 05737864.9682 04529138.4689 00001258.3163 -0003966.7283 00005796.6365 01452810.2971 -0019993.4738
> 175751 1
H41 -1899711.6222 05733703.5929 04534933.0097 00001259.4571 -0003972.3757 00005792.4442 01456699.2597 -0020089.9152
> 175752 1
H41 -1898451.5954 05729536.7605 04540723.3555 00001260.5960 -0003978.0196 00005788.2465 01460607.9449 -0020185.5526
> 175753 1
H41 -1897190.4308 05725364.4747 04546509.5010 00001261.7330 -0003983.6599 00005784.0436 01464536.1908 -0020280.3907
> 175754 1
H41 -1895928.1301 05721186.7391 04552291.4408 00001262.8680 -0003989.2966 00005779.8352 01468483.8367 -0020374.4341
> 175755 1
H41 -1894664.6954 05717003.5576 04558069.1696 00001264.0011 -0003994.9298 00005775.6215 01472450.7225 -0020467.6877
> 175756 1
H41 -1893400.1286 05712814.9337 04563842.6821 00001265.1321 -0004000.5593 00005771.4025 01476436.6893 -0020560.1563
> 175757 1
H41 -1892134.4318 05708620.8711 04569611.9729 00001266.2613 -0004006.1853 00005767.1781 01480441.5791 -0020651.8447
> 175758 1
H41 -1890867.6068 05704421.3736 04575377.0366 00001267.3884 -0004011.8077 00005762.9484 01484465.2347 -0020742.7577
> 175759 1
H41 -1889599.6555 05700216.4448 04581137.8680 00001268.5137 -0004017.4265 00005758.7134 01488507.4999 -0020832.9004
> 175760 1
H41 -1888330.5801 05696006.0884 04586894.4616 00001269.6369 -0004023.0417 00005754.4730 01492568.2197 -0020922.2776
> 175761 1
H41 -1887060.3823 05691790.3081 04592646.8123 00001270.7582 -0004028.6533 00005750.2274 01496647.2398 -0021010.8943
> 175762 1
H41 -1885789.0643 05687569.1077 04598394.9146 00001271.8776 -0004034.2613 00005745.9764 01500744.4070 -0021098.7555
> 175763 1
H41 -1884516.6278 05683342.4909 04604138.7632 00001272.9950 -0004039.8657 00005741.7200 01504859.5690 -0021185.8663
> 175764 1
H41 -1883243.0750 05679110.4614 04609878.3529 00001274.1104 -0004045.4664 00005737.4584 01508992.5746 -0021272.2316
> 175765 1
H41 -1881968.4078 05674873.0229 04615613.6783 00001275.2238 -0004051.0636 00005733.1915 01513143.2734 -0021357.8565
> 175766 1
H41 -1880692.6280 05670630.1791 04621344.7341 00001276.3353 -0004056.6570 00005728.9192 01517311.5162 -0021442.7461
> 175767 1
H41 -1879415.7377 05666381.9339 04627071.5150 00001277.4449 -0004062.2469 00005724.6417 01521497.1548 -0021526.9055
> 175768 1
H41 -1878137.7389 05662128.2909 04632794.0157 00001278.5524 -0004067.8331 00005720.3589 01525700.0417 -0021610.3397
> 175769 1
H41 -1876858.6335 05657869.2539 04638512.2310 00001279.6581 -0004073.4156 00005716.0707 01529920.0309 -0021693.0539
> 175770 1
H41 -1875578.4234 05653604.8266 04644226.1555 00001280.7617 -0004078.9945 00005711.7773 01534156.9770 -0021775.0532
> 175771 1
H41 -1874297.1107 05649335.0128 04649935.7839 00001281.8634 -0004084.5697 00005707.4786 01538410.7357 -0021856.3427
> 175772 1
H41 -1873014.6973 05645059.8164 04655641.1110 00001282.9631 -0004090.1413 00005703.1747 01542681.1638 -0021936.9276
> 175773 1
H41 -1871731.1851 05640779.2409 04661342.1314 00001284.0609 -0004095.7091 00005698.8654 01546968.1190 -0022016.8130
> 175774 1
H41 -1870446.5762 05636493.2904 04667038.8400 00001285.1567 -0004101.2733 00005694.5509 01551271.4602 -0022096.0040
> 175775 1
H41 -1869160.8724 05632201.9684 04672731.2314 00001286.2505 -0004106.8339 00005690.2311 01555591.0472 -0022174.5058
> 175776 1
H41 -1867874.0758 05627905.2788 04678419.3004 00001287.3424 -0004112.3907 00005685.9060 01559926.7407 -0022252.3235
> 175777 1
H41 -1866586.1884 05623603.2254 04684103.0418 00001288.4323 -0004117.9438 00005681.5757 01564278.4026 -0022329.4623
> 175778 1
H41 -1865297.2120 05619295.8120 04689782.4501 00001289.5202 -0004123.4933 00005677.2402 01568645.8958 -0022405.9272
> 175779 1
H41 -1864007.1486 05614983.0423 04695457.5203 00001290.6062 -0004129.0390 00005672.8993 01573029.0840 -0022481.7235
> 175780 1
H41 -1862716.0003 05610664.9203 04701128.2470 00001291.6902 -0004134.5810 00005668.5533 01577427.8323 -0022556.8563
> 175781 1
H41 -1861423.7690 05606341.4497 04706794.6251 00001292.7722 -0004140.1193 00005664.2019 01581842.0064 -0022631.3306
> 175782 1
H41 -1860130.4566 05602012.6343 04712456.6492 00001293.8522 -0004145.6539 00005659.8454 01586271.4733 -0022705.1517
> 175783 1
H41 -1858836.0652 05597678.4779 04718114.3141 00001294.9303 -0004151.1847 00005655.4836 01590716.1009 -0022778.3245
> 175784 1
H41 -1857540.5966 05593338.9845 04723767.6147 00001296.0064 -0004156.7118 00005651.1166 01595175.7582 -0022850.8543
> 175785 1
H41 -1856244.0529 05588994.1577 04729416.5456 00001297.0806 -0004162.2352 00005646.7443 01599650.3150 -0022922.7460
> 175786 1
H41 -1854946.4361 05584644.0016 04735061.1016 00001298.1528 -0004167.7548 00005642.3669 01604139.6424 -0022994.0048
> 175787 1
H41 -1853647.7480 05580288.5198 04740701.2776 00001299.2230 -0004173.2707 00005637.9842 01608643.6123 -0023064.6357
> 175788 1
H41 -1852347.9908 05575927.7162 04746337.0682 00001300.2912 -0004178.7828 00005633.5963 01613162.0977 -0023134.6438
> 175789 1
H41 -1851047.1662 05571561.5948 04751968.4684 00001301.3575 -0004184.2912 00005629.2032 01617694.9725 -0023204.0341
> 175790 1
H41 -1849745.2764 05567190.1593 04757595.4728 00001302.4218 -0004189.7957 00005624.8048 01622242.1117 -0023272.8116
> 175791 1
H41 -1848442.3233 05562813.4137 04763218.0763 00001303.4841 -0004195.2966 00005620.4013 01626803.3912 -0023340.9813
> 175792 1
H41 -1847138.3089 05558431.3617 04768836.2737 00001304.5445 -0004200.7936 00005615.9926 01631378.6880 -0023408.5481
> 175793 1
H41 -1845833.2351 05554044.0074 04774450.0598 00001305.6028 -0004206.2869 00005611.5787 01635967.8801 -0023475.5172
> 175794 1
H41 -1844527.1039 05549651.3545 04780059.4293 00001306.6592 -0004211.7763 00005607.1596 01640570.8463 -0023541.8933
> 175795 1
H41 -1843219.9172 05545253.4069 04785664.3771 00001307.7137 -0004217.2620 00005602.7353 01645187.4666 -0023607.6814
> 175796 1
H41 -1841911.6772 05540850.1686 04791264.8981 00001308.7661 -0004222.7439 00005598.3058 01649817.6218 -0023672.8865
> 175797 1
H41 -1840602.3856 05536441.6434 04796860.9870 00001309.8166 -0004228.2220 00005593.8711 01654461.1939 -0023737.5133
> 175798 1
H41 -1839292.0446 05532027.8352 04802452.6386 00001310.8651 -0004233.6962 00005589.4313 01659118.0655 -0023801.5668
> 175799 1
H41 -1837980.6561 05527608.7480 04808039.8478 00001311.9116 -0004239.1667 00005584.9863 01663788.1207 -0023865.0518
> 175800 1
H41 -1836668.2220 05523184.3856 04813622.6094 00001312.9562 -0004244.6333 00005580.5361 01668471.2440 -0023927.9731
> 175801 1
H41 -1835354.7444 05518754.7520 04819200.9183 00001313.9988 -0004250.0961 00005576.0808 01673167.3212 -0023990.3355
> 175802 1
H41 -1834040.2251 05514319.8510 04824774.7692 00001315.0394 -0004255.5551 00005571.6203 01677876.2390 -0024052.1438
> 175803 1
H41 -1832724.6663 05509879.6867 04830344.1571 00001316.0780 -0004261.0102 00005567.1546 01682597.8850 -0024113.4027
> 175804 1
H41 -1831408.0698 05505434.2629 04835909.0768 00001317.1146 -0004266.4615 00005562.6838 01687332.1478 -0024174.1169
> 175805 1
H41 -1830090.4376 05500983.5837 04841469.5231 00001318.1493 -0004271.9089 00005558.2079 01692078.9169 -0024234.2910
> 175806 1
H41 -1828771.7718 05496527.6528 04847025.4909 00001319.1820 -0004277.3525 00005553.7268 01696838.0826 -0024293.9299
> 175807 1
H41 -1827452.0743 05492066.4743 04852576.9750 00001320.2127 -0004282.7923 00005549.2406 01701609.5365 -0024353.0381
> 175808 1
H41 -1826131.3470 05487600.0522 04858123.9704 00001321.2414 -0004288.2281 00005544.7492 01706393.1707 -0024411.6202
> 175809 1
H41 -1824809.5921 05483128.3903 04863666.4718 00001322.2682 -0004293.6601 00005540.2528 01711188.8784 -0024469.6808
> 175810 1
H41 -1823486.8113 05478651.4927 04869204.4742 00001323.2930 -0004299.0882 00005535.7512 01715996.5539 -0024527.2244
> 175811 1
H41 -1822163.0068 05474169.3633 04874737.9724 00001324.3158 -0004304.5125 00005531.2444 01720816.0921 -0024584.2557
> 175812 1
H41 -1820838.1804 05469682.0060 04880266.9614 00001325.3366 -0004309.9328 00005526.7326 01725647.3889 -0024640.7790
> 175813 1
H41 -1819512.3343 05465189.4250 04885791.4359 00001326.3554 -0004315.3493 00005522.2156 01730490.3413 -0024696.7988
> 175814 1
H41 -1818185.4703 05460691.6241 04891311.3909 00001327.3723 -0004320.7619 00005517.6936 01735344.8469 -0024752.3197
> 175815 1
H41 -1816857.5904 05456188.6073 04896826.8213 00001328.3871 -0004326.1705 00005513.1664 01740210.8042 -0024807.3460
> 175816 1
H41 -1815528.6967 05451680.3787 04902337.7220 00001329.4000 -0004331.5753 00005508.6341 01745088.1130 -0024861.8820
> 175817 1
H41 -1814198.7910 05447166.9422 04907844.0879 00001330.4109 -0004336.9762 00005504.0968 01749976.6734 -0024915.9322
> 175818 1
H41 -1812867.8755 05442648.3018 04913345.9139 00001331.4199 -0004342.3731 00005499.5543 01754876.3867 -0024969.5009
> 175819 1
H41 -1811535.9520 05438124.4616 04918843.1948 00001332.4268 -0004347.7661 00005495.0068 01759787.1550 -0025022.5923
> 175820 1
H41 -1810203.0226 05433595.4255 04924335.9257 00001333.4317 -0004353.1552 00005490.4541 01764708.8813 -0025075.2107
> 175821 1
H41 -1808869.0892 05429061.1977 04929824.1014 00001334.4347 -0004358.5403 00005485.8964 01769641.4695 -0025127.3604
> 175822 1
H41 -1807534.1538 05424521.7820 04935307.7169 00001335.4357 -0004363.9215 00005481.3337 01774584.8240 -0025179.0455
> 175823 1
H41 -1806198.2184 05419977.1825 04940786.7671 00001336.4347 -0004369.2988 00005476.7658 01779538.8505 -0025230.2703
> 175824 1
H41 -1804861.2850 05415427.4033 04946261.2469 00001337.4317 -0004374.6721 00005472.1929 01784503.4553 -0025281.0388
> 175825 1
H41 -1803523.3556 05410872.4484 04951731.1512 00001338.4268 -0004380.0415 00005467.6149 01789478.5455 -0025331.3553
> 175826 1
H41 -1802184.4321 05406312.3219 04957196.4750 00001339.4198 -0004385.4069 00005463.0319 01794464.0290 -0025381.2236
> 175827 1
H41 -1800844.5166 05401747.0277 04962657.2133 00001340.4109 -0004390.7683 00005458.4438 01799459.8148 -0025430.6480
> 175828 1
H41 -1799503.6110 05397176.5700 04968113.3609 00001341.4000 -0004396.1257 00005453.8507 01804465.8124 -0025479.6324
> 175829 1
H41 -1798161.7173 05392600.9528 04973564.9129 00001342.3871 -0004401.4792 00005449.2525 01809481.9323 -0025528.1809
> 175830 1
H41 -1796818.8375 05388020.1802 04979011.8642 00001343.3722 -0004406.8287 00005444.6492 01814508.0855 -0025576.2972
> 175831 1
H41 -1795474.9736 05383434.2562 04984454.2097 00001344.3553 -0004412.1742 00005440.0410 01819544.1842 -0025623.9855
> 175832 1
H41 -1794130.1276 05378843.1850 04989891.9445 00001345.3364 -0004417.5158 00005435.4277 01824590.1410 -0025671.2496
> 175833 1
H41 -1792784.3015 05374246.9705 04995325.0634 00001346.3156 -0004422.8533 00005430.8094 01829645.8697 -0025718.0933
> 175834 1
H41 -1791437.4972 05369645.6169 05000753.5616 00001347.2927 -0004428.1868 00005426.1860 01834711.2844 -0025764.5205
> 175835 1
H41 -1790089.7167 05365039.1283 05006177.4338 00001348.2679 -0004433.5163 00005421.5577 01839786.3004 -0025810.5350
> 175836 1
H41 -1788740.9620 05360427.5087 05011596.6752 00001349.2411 -0004438.8418 00005416.9243 01844870.8335 -0025856.1405
> 175837 1
H41 -1787391.2352 05355810.7623 05017011.2807 00001350.2123 -0004444.1633 00005412.2859 01849964.8003 -0025901.3408
> 175838 1
H41 -1786040.5382 05351188.8932 05022421.2454 00001351.1815 -0004449.4808 00005407.6425 01855068.1182 -0025946.1397
> 175839 1
H41 -1784688.8729 05346561.9055 05027826.5641 00001352.1487 -0004454.7942 00005402.9941 01860180.7052 -0025990.5406
> 175840 1
H41 -1783336.2415 05341929.8032 05033227.2319 00001353.1139 -0004460.1036 00005398.3407 01865302.4804 -0026034.5474
> 175841 1
H41 -1781982.6458 05337292.5906 05038623.2438 00001354.0771 -0004465.4090 00005393.6823 01870433.3631 -0026078.1637
> 175842 1
H41 -1780628.0878 05332650.2717 05044014.5949 00001355.0384 -0004470.7103 00005389.0189 01875573.2738 -0026121.3929
> 175843 1
H41 -1779272.5697 05328002.8507 05049401.2801 00001355.9976 -0004476.0075 00005384.3506 01880722.1335 -0026164.2387
> 175844 1
H41 -1777916.0932 05323350.3316 05054783.2944 00001356.9549 -0004481.3007 00005379.6772 01885879.8639 -0026206.7047
> 175845 1
H41 -1776558.6605 05318692.7187 05060160.6329 00001357.9102 -0004486.5899 00005374.9989 01891046.3874 -0026248.7942
> 175846 1
H41 -1775200.2735 05314030.0161 05065533.2905 00001358.8635 -0004491.8750 00005370.3156 01896221.6273 -0026290.5107
> 175847 1
H41 -1773840.9342 05309362.2279 05070901.2624 00001359.8148 -0004497.1560 00005365.6274 01901405.5073 -0026331.8577
> 175848 1
H41 -1772480.6447 05304689.3583 05076264.5436 00001360.7641 -0004502.4329 00005360.9341 01906597.9520 -0026372.8386
> 175849 1
H41 -1771119.4068 05300011.4115 05081623.1291 00001361.7114 -0004507.7058 00005356.2359 01911798.8866 -0026413.4568
> 175850 1
H41 -1769757.2226 05295328.3915 05086977.0138 00001362.6567 -0004512.9745 00005351.5328 01917008.2370 -0026453.7155
> 175851 1
H41 -1768394.0941 05290640.3027 05092326.1930 00001363.6000 -0004518.2392 00005346.8247 01922225.9298 -0026493.6182
> 175852 1
H41 -1767030.0233 05285947.1491 05097670.6616 00001364.5413 -0004523.4998 00005342.1117 01927451.8921 -0026533.1680
> 175853 1
H41 -1765665.0121 05281248.9349 05103010.4148 00001365.4807 -0004528.7562 00005337.3937 01932686.0519 -0026572.3683
> 175854 1
H41 -1764299.0626 05276545.6644 05108345.4474 00001366.4180 -0004534.0086 00005332.6708 01937928.3378 -0026611.2222
> 175855 1
H41 -1762932.1768 05271837.3416 05113675.7547 00001367.3534 -0004539.2569 00005327.9430 01943178.6788 -0026649.7331
> 175856 1
H41 -1761564.3566 05267123.9709 05119001.3317 00001368.2867 -0004544.5010 00005323.2102 01948437.0049 -0026687.9039
> 175857 1
H41 -1760195.6040 05262405.5563 05124322.1734 00001369.2181 -0004549.7410 00005318.4725 01953703.2464 -0026725.7379
> 175858 1
H41 -1758825.9211 05257682.1022 05129638.2750 00001370.1474 -0004554.9769 00005313.7299 01958977.3346 -0026763.2381
> 175859 1
H41 -1757455.3098 05252953.6126 05134949.6315 00001371.0748 -0004560.2086 00005308.9823 01964259.2012 -0026800.4077
> 175860 1
H41 -1756083.7722 05248220.0919 05140256.2380 00001372.0002 -0004565.4362 00005304.2299 01969548.7783 -0026837.2497
> 175861 1
H41 -1754711.3101 05243481.5443 05145558.0896 00001372.9236 -0004570.6597 00005299.4725 01974845.9992 -0026873.7672
> 175862 1
H41 -1753337.9257 05238737.9739 05150855.1815 00001373.8450 -0004575.8790 00005294.7103 01980150.7972 -0026909.9630
> 175863 1
H41 -1751963.6209 05233989.3850 05156147.5086 00001374.7644 -0004581.0942 00005289.9431 01985463.1066 -0026945.8402
> 175864 1
H41 -1750588.3976 05229235.7818 05161435.0661 00001375.6817 -0004586.3052 00005285.1711 01990782.8621 -0026981.4018
> 175865 1
H41 -1749212.2580 05224477.1686 05166717.8491 00001376.5972 -0004591.5120 00005280.3941 01996109.9991 -0027016.6506
> 175866 1
H41 -1747835.2040 05219713.5496 05171995.8528 00001377.5106 -0004596.7147 00005275.6123 02001444.4535 -0027051.5895
> 175867 1
H41 -1746457.2376 05214944.9290 05177269.0721 00001378.4220 -0004601.9132 00005270.8256 02006786.1619 -0027086.2213
> 175868 1
H41 -1745078.3607 05210171.3112 05182537.5024 00001379.3314 -0004607.1075 00005266.0341 02012135.0613 -0027120.5490
> 175869 1
H41 -1743698.5755 05205392.7003 05187801.1386 00001380.2388 -0004612.2976 00005261.2376 02017491.0894 -0027154.5752
> 175870 1
H41 -1742317.8838 05200609.1007 05193059.9760 00001381.1442 -0004617.4835 00005256.4363 02022854.1845 -0027188.3029
> 175871 1
H41 -1740936.2877 05195820.5166 05198314.0096 00001382.0476 -0004622.6653 00005251.6301 02028224.2853 -0027221.7347
> 175872 1
H41 -1739553.7892 05191026.9522 05203563.2346 00001382.9491 -0004627.8428 00005246.8191 02033601.3312 -0027254.8733
> 175873 1
H41 -1738170.3903 05186228.4119 05208807.6462 00001383.8485 -0004633.0161 00005242.0032 02038985.2621 -0027287.7215
> 175874 1
H41 -1736786.0929 05181424.8999 05214047.2394 00001384.7459 -0004638.1853 00005237.1825 02044376.0184 -0027320.2819
> 175875 1
H41 -1735400.8992 05176616.4205 05219282.0095 00001385.6413 -0004643.3502 00005232.3569 02049773.5411 -0027352.5572
> 175876 1
H41 -1734014.8109 05171802.9781 05224511.9516 00001386.5348 -0004648.5109 00005227.5265 02055177.7717 -0027384.5499
> 175877 1
H41 -1732627.8303 05166984.5768 05229737.0608 00001387.4262 -0004653.6673 00005222.6912 02060588.6523 -0027416.2628
> 175878 1
H41 -1731239.9592 05162161.2210 05234957.3324 00001388.3156 -0004658.8195 00005217.8511 02066006.1253 -0027447.6982
> 175879 1
H41 -1729851.1997 05157332.9151 05240172.7615 00001389.2031 -0004663.9675 00005213.0062 02071430.1339 -0027478.8589
> 175880 1
H41 -1728461.5537 05152499.6633 05245383.3433 00001390.0885 -0004669.1113 00005208.1565 02076860.6218 -0027509.7473
> 175881 1
H41 -1727071.0233 05147661.4699 05250589.0729 00001390.9719 -0004674.2508 00005203.3019 02082297.5328 -0027540.3659
> 175882 1
H41 -1725679.6105 05142818.3393 05255789.9455 00001391.8534 -0004679.3860 00005198.4426 02087740.8118 -0027570.7172
> 175883 1
H41 -1724287.3172 05137970.2758 05260985.9564 00001392.7328 -0004684.5170 00005193.5784 02093190.4038 -0027600.8037
> 175884 1
H41 -1722894.1455 05133117.2837 05266177.1007 00001393.6103 -0004689.6437 00005188.7094 02098646.2543 -0027630.6276
> 175885 1
H41 -1721500.0974 05128259.3673 05271363.3736 00001394.4857 -0004694.7662 00005183.8356 02104108.3095 -0027660.1916
> 175886 1
H41 -1720105.1748 05123396.5311 05276544.7704 00001395.3591 -0004699.8844 00005178.9571 02109576.5160 -0027689.4978
> 175887 1
H41 -1718709.3798 05118528.7793 05281721.2861 00001396.2306 -0004704.9983 00005174.0737 02115050.8208 -0027718.5488
> 175888 1
H41 -1717312.7143 05113656.1162 05286892.9162 00001397.1000 -0004710.1079 00005169.1855 02120531.1713 -0027747.3467
> 175889 1
H41 -1715915.1804 05108778.5463 05292059.6556 00001397.9675 -0004715.2133 00005164.2926 02126017.5157 -0027775.8940
> 175890 1
H41 -1714516.7801 05103896.0740 05297221.4998 00001398.8329 -0004720.3143 00005159.3949 02131509.8024 -0027804.1928
> 175891 1
H41 -1713117.5153 05099008.7034 05302378.4438 00001399.6963 -0004725.4111 00005154.4924 02137007.9803 -0027832.2456
> 175892 1
H41 -1711717.3881 05094116.4392 05307530.4830 00001400.5578 -0004730.5035 00005149.5852 02142511.9987 -0027860.0544
> 175893 1
H41 -1710316.4004 05089219.2855 05312677.6126 00001401.4172 -0004735.5916 00005144.6732 02148021.8076 -0027887.6215
> 175894 1
H41 -1708914.5543 05084317.2468 05317819.8278 00001402.2746 -0004740.6755 00005139.7564 02153537.3572 -0027914.9492
> 175895 1
H41 -1707511.8518 05079410.3275 05322957.1238 00001403.1301 -0004745.7550 00005134.8349 02159058.5981 -0027942.0395
> 175896 1
H41 -1706108.2949 05074498.5319 05328089.4959 00001403.9835 -0004750.8301 00005129.9086 02164585.4817 -0027968.8946
> 175897 1
H41 -1704703.8855 05069581.8645 05333216.9394 00001404.8349 -0004755.9010 00005124.9776 02170117.9595 -0027995.5168
> 175898 1
H41 -1703298.6257 05064660.3297 05338339.4494 00001405.6843 -0004760.9675 00005120.0418 02175655.9834 -0028021.9080
> 175899 1
H41 -1701892.5175 05059733.9318 05343457.0214 00001406.5318 -0004766.0297 00005115.1013 02181199.5060 -0028048.0703
> 175900 1
H41 -1700485.5628 05054802.6753 05348569.6504 00001407.3772 -0004771.0875 00005110.1561 02186748.4802 -0028074.0059
> 175901 1
H41 -1699077.7638 05049866.5645 05353677.3319 00001408.2206 -0004776.1410 00005105.2061 02192302.8592 -0028099.7167
> 175902 1
H41 -1697669.1223 05044925.6039 05358780.0611 00001409.0620 -0004781.1902 00005100.2514 02197862.5967 -0028125.2049
> 175903 1
H41 -1696259.6404 05039979.7980 05363877.8332 00001409.9014 -0004786.2350 00005095.2920 02203427.6470 -0028150.4723
> 175904 1
H41 -1694849.3201 05035029.1510 05368970.6435 00001410.7389 -0004791.2754 00005090.3279 02208997.9644 -0028175.5210
> 175905 1
H41 -1693438.1634 05030073.6676 05374058.4874 00001411.5743 -0004796.3114 00005085.3591 02214573.5039 -0028200.3530
> 175906 1
H41 -1692026.1722 05025113.3520 05379141.3602 00001412.4077 -0004801.3431 00005080.3856 02220154.2209 -0028224.9702
> 175907 1
H41 -1690613.3487 05020148.2088 05384219.2570 00001413.2391 -0004806.3704 00005075.4073 02225740.0710 -0028249.3744
> 175908 1
H41 -1689199.6948 05015178.2424 05389292.1733 00001414.0685 -0004811.3933 00005070.4244 02231331.0104 -0028273.5678
> 175909 1
H41 -1687785.2124 05010203.4572 05394360.1043 00001414.8959 -0004816.4118 00005065.4368 02236926.9956 -0028297.5520
> 175910 1
H41 -1686369.9037 05005223.8577 05399423.0454 00001415.7213 -0004821.4260 00005060.4445 02242527.9834 -0028321.3290
> 175911 1
H41 -1684953.7706 05000239.4484 05404480.9918 00001416.5446 -0004826.4357 00005055.4475 02248133.9312 -0028344.9007
> 175912 1
H41 -1683536.8151 04995250.2337 05409533.9389 00001417.3660 -0004831.4410 00005050.4459 02253744.7964 -0028368.2688
> 175913 1
H41 -1682119.0392 04990256.2181 05414581.8820 00001418.1854 -0004836.4419 00005045.4396 02259360.5372 -0028391.4352
> 175914 1
H41 -1680700.4449 04985257.4060 05419624.8165 00001419.0028 -0004841.4384 00005040.4286 02264981.1119 -0028414.4017
> 175915 1
H41 -1679281.0343 04980253.8020 05424662.7376 00001419.8182 -0004846.4305 00005035.4129 02270606.4792 -0028437.1700
> 175916 1
H41 -1677860.8092 04975245.4105 05429695.6408 00001420.6315 -0004851.4182 00005030.3926 02276236.5983 -0028459.7420
> 175917 1
H41 -1676439.7719 04970232.2360 05434723.5213 00001421.4429 -0004856.4014 00005025.3676 02281871.4285 -0028482.1192
> 175918 1
H41 -1675017.9241 04965214.2830 05439746.3745 00001422.2523 -0004861.3802 00005020.3380 02287510.9297 -0028504.3036
> 175919 1
H41 -1673595.2680 04960191.5560 05444764.1958 00001423.0596 -0004866.3546 00005015.3038 02293155.0620 -0028526.2967
> 175920 1
H41 -1672171.8055 04955164.0595 05449776.9805 00001423.8650 -0004871.3245 00005010.2649 02298803.7860 -0028548.1003
> 175921 1
H41 -1670747.5387 04950131.7980 05454784.7240 00001424.6683 -0004876.2900 00005005.2213 02304457.0625 -0028569.7161
> 175922 1
H41 -1669322.4696 04945094.7760 05459787.4216 00001425.4697 -0004881.2510 00005000.1732 02310114.8525 -0028591.1456
> 175923 1
H41 -1667896.6001 04940052.9981 05464785.0688 00001426.2690 -0004886.2076 00004995.1204 02315777.1178 -0028612.3906
> 175924 1
H41 -1666469.9322 04935006.4687 05469777.6609 00001427.0663 -0004891.1597 00004990.0630 02321443.8201 -0028633.4526
> 175925 1
H41 -1665042.4681 04929955.1924 05474765.1932 00001427.8617 -0004896.1073 00004985.0010 02327114.9215 -0028654.3333
> 175926 1
H41 -1663614.2096 04924899.1737 05479747.6613 00001428.6550 -0004901.0505 00004979.9343 02332790.3847 -0028675.0343
> 175927 1
H41 -1662185.1587 04919838.4172 05484725.0604 00001429.4463 -0004905.9892 00004974.8631 02338470.1723 -0028695.5570
> 175928 1
H41 -1660755.3176 04914772.9273 05489697.3859 00001430.2356 -0004910.9233 00004969.7872 02344154.2477 -0028715.9032
> 175929 1
H41 -1659324.6882 04909702.7087 05494664.6333 00001431.0229 -0004915.8531 00004964.7068 02349842.5741 -0028736.0742
> 175930 1
H41 -1657893.2724 04904627.7658 05499626.7980 00001431.8082 -0004920.7783 00004959.6218 02355535.1155 -0028756.0717
> 175931 1
H41 -1656461.0723 04899548.1033 05504583.8753 00001432.5915 -0004925.6990 00004954.5321 02361231.8358 -0028775.8972
> 175932 1
H41 -1655028.0900 04894463.7256 05509535.8608 00001433.3728 -0004930.6152 00004949.4379 02366932.6996 -0028795.5521
> 175933 1
H41 -1653594.3273 04889374.6374 05514482.7497 00001434.1521 -0004935.5269 00004944.3392 02372637.6713 -0028815.0380
> 175934 1
H41 -1652159.7864 04884280.8432 05519424.5376 00001434.9294 -0004940.4341 00004939.2358 02378346.7162 -0028834.3563
> 175935 1
H41 -1650724.4692 04879182.3476 05524361.2198 00001435.7047 -0004945.3368 00004934.1279 02384059.7994 -0028853.5084
> 175936 1
H41 -1649288.3777 04874079.1551 05529292.7918 00001436.4780 -0004950.2350 00004929.0154 02389776.8866 -0028872.4958
> 175937 1
H41 -1647851.5139 04868971.2704 05534219.2490 00001437.2492 -0004955.1286 00004923.8983 02395497.9436 -0028891.3199
> 175938 1
H41 -1646413.8799 04863858.6981 05539140.5870 00001438.0185 -0004960.0177 00004918.7767 02401222.9365 -0028909.9821
> 175939 1
H41 -1644975.4776 04858741.4426 05544056.8010 00001438.7857 -0004964.9023 00004913.6506 02406951.8320 -0028928.4838
> 175940 1
H41 -1643536.3091 04853619.5087 05548967.8866 00001439.5510 -0004969.7823 00004908.5199 02412684.5966 -0028946.8265
> 175941 1
H41 -1642096.3763 04848492.9008 05553873.8393 00001440.3142 -0004974.6578 00004903.3846 02418421.1974 -0028965.0113
> 175942 1
H41 -1640655.6813 04843361.6237 05558774.6544 00001441.0755 -0004979.5287 00004898.2449 02424161.6018 -0028983.0398
> 175943 1
H41 -1639214.2260 04838225.6819 05563670.3275 00001441.8347 -0004984.3951 00004893.1006 02429905.7772 -0029000.9132
> 175944 1
H41 -1637772.0125 04833085.0800 05568560.8540 00001442.5919 -0004989.2569 00004887.9517 02435653.6916 -0029018.6329
> 175945 1
H41 -1636329.0428 04827939.8227 05573446.2294 00001443.3472 -0004994.1141 00004882.7984 02441405.3130 -0029036.2002
> 175946 1
H41 -1634885.3189 04822789.9146 05578326.4493 00001444.1004 -0004998.9668 00004877.6405 02447160.6098 -0029053.6164
> 175947 1
H41 -1633440.8427 04817635.3603 05583201.5089 00001444.8516 -0005003.8149 00004872.4781 02452919.5506 -0029070.8827
> 175948 1
H41 -1631995.6164 04812476.1644 05588071.4040 00001445.6008 -0005008.6584 00004867.3112 02458682.1045 -0029088.0004
> 175949 1
H41 -1630549.6418 04807312.3316 05592936.1299 00001446.3480 -0005013.4974 00004862.1398 02464448.2404 -0029104.9708
> 175950 1
H41 -1629102.9211 04802143.8664 05597795.6822 00001447.0932 -0005018.3317 00004856.9640 02470217.9280 -0029121.7952
> 175951 1
H41 -1627655.4561 04796970.7737 05602650.0563 00001447.8364 -0005023.1615 00004851.7836 02475991.1367 -0029138.4748
> 175952 1
H41 -1626207.2490 04791793.0579 05607499.2478 00001448.5776 -0005027.9866 00004846.5987 02481767.8366 -0029155.0107
> 175953 1
H41 -1624758.3017 04786610.7238 05612343.2522 00001449.3167 -0005032.8072 00004841.4093 02487547.9979 -0029171.4043
> 175954 1
H41 -1623308.6162 04781423.7760 05617182.0650 00001450.0539 -0005037.6231 00004836.2155 02493331.5909 -0029187.6566
> 175955 1
H41 -1621858.1945 04776232.2192 05622015.6817 00001450.7891 -0005042.4344 00004831.0172 02499118.5863 -0029203.7690
> 175956 1
H41 -1620407.0387 04771036.0580 05626844.0979 00001451.5222 -0005047.2411 00004825.8144 02504908.9550 -0029219.7425
> 175957 1
H41 -1618955.1507 04765835.2972 05631667.3091 00001452.2534 -0005052.0432 00004820.6072 02510702.6683 -0029235.5783
> 175958 1
H41 -1617502.5326 04760629.9414 05636485.3108 00001452.9825 -0005056.8407 00004815.3955 02516499.6973 -0029251.2776
> 175959 1
H41 -1616049.1864 04755419.9952 05641298.0986 00001453.7097 -0005061.6335 00004810.1793 02522300.0139 -0029266.8415
> 175960 1
H41 -1614595.1140 04750205.4634 05646105.6680 00001454.4348 -0005066.4217 00004804.9587 02528103.5898 -0029282.2712
> 175961 1
H41 -1613140.3174 04744986.3506 05650908.0146 00001455.1579 -0005071.2052 00004799.7337 02533910.3971 -0029297.5677
> 175962 1
H41 -1611684.7988 04739762.6616 05655705.1339 00001455.8791 -0005075.9841 00004794.5042 02539720.4081 -0029312.7322
> 175963 1
H41 -1610228.5600 04734534.4010 05660497.0215 00001456.5982 -0005080.7584 00004789.2703 02545533.5953 -0029327.7657
> 175964 1
H41 -1608771.6031 04729301.5736 05665283.6730 00001457.3153 -0005085.5279 00004784.0319 02551349.9316 -0029342.6694
> 175965 1
H41 -1607313.9301 04724064.1840 05670065.0839 00001458.0304 -0005090.2929 00004778.7892 02557169.3898 -0029357.4443
> 175966 1
H41 -1605855.5430 04718822.2371 05674841.2498 00001458.7435 -0005095.0531 00004773.5420 02562991.9432 -0029372.0914
> 175967 1
H41 -1604396.4438 04713575.7374 05679612.1663 00001459.4546 -0005099.8087 00004768.2903 02568817.5652 -0029386.6119
> 175968 1
H41 -1602936.6345 04708324.6897 05684377.8290 00001460.1637 -0005104.5596 00004763.0343 02574646.2295 -0029401.0068
> 175969 1
H41 -1601476.1171 04703069.0987 05689138.2335 00001460.8708 -0005109.3059 00004757.7739 02580477.9097 -0029415.2770
> 175970 1
H41 -1600014.8937 04697808.9692 05693893.3753 00001461.5758 -0005114.0474 00004752.5091 02586312.5801 -0029429.4237
> 175971 1
H41 -1598552.9661 04692544.3059 05698643.2501 00001462.2789 -0005118.7843 00004747.2398 02592150.2148 -0029443.4478
> 175972 1
H41 -1597090.3365 04687275.1135 05703387.8535 00001462.9800 -0005123.5164 00004741.9662 02597990.7884 -0029457.3503
> 175973 1
H41 -1595627.0068 04682001.3969 05708127.1811 00001463.6790 -0005128.2439 00004736.6882 02603834.2755 -0029471.1322
> 175974 1
H41 -1594162.9791 04676723.1606 05712861.2285 00001464.3761 -0005132.9666 00004731.4058 02609680.6509 -0029484.7945
> 175975 1
H41 -1592698.2553 04671440.4096 05717589.9913 00001465.0712 -0005137.6847 00004726.1190 02615529.8897 -0029498.3382
> 175976 1
H41 -1591232.8375 04666153.1485 05722313.4651 00001465.7642 -0005142.3980 00004720.8279 02621381.9673 -0029511.7642
> 175977 1
H41 -1589766.7276 04660861.3821 05727031.6456 00001466.4552 -0005147.1066 00004715.5324 02627236.8590 -0029525.0735
> 175978 1
H41 -1588299.9276 04655565.1151 05731744.5285 00001467.1443 -0005151.8105 00004710.2325 02633094.5406 -0029538.2670
> 175979 1
H41 -1586832.4397 04650264.3524 05736452.1093 00001467.8313 -0005156.5097 00004704.9283 02638954.9879 -0029551.3457
> 175980 1
H41 -1585364.2657 04644959.0987 05741154.3837 00001468.5163 -0005161.2041 00004699.6197 02644818.1768 -0029564.3105
> 175981 1
H41 -1583895.4077 04639649.3588 05745851.3473 00001469.1994 -0005165.8938 00004694.3068 02650684.0838 -0029577.1622
> 175982 1
H41 -1582425.8677 04634335.1375 05750542.9959 00001469.8804 -0005170.5788 00004688.9896 02656552.6851 -0029589.9019
> 175983 1
H41 -1580955.6476 04629016.4396 05755229.3250 00001470.5594 -0005175.2590 00004683.6680 02662423.9574 -0029602.5303
> 175984 1
H41 -1579484.7496 04623693.2698 05759910.3303 00001471.2364 -0005179.9344 00004678.3420 02668297.8775 -0029615.0484
> 175985 1
H41 -1578013.1755 04618365.6330 05764586.0076 00001471.9114 -0005184.6051 00004673.0118 02674174.4223 -0029627.4571
> 175986 1
H41 -1576540.9274 04613033.5339 05769256.3524 00001472.5844 -0005189.2711 00004667.6772 02680053.5689 -0029639.7572
> 175987 1
H41 -1575068.0074 04607696.9774 05773921.3605 00001473.2554 -0005193.9322 00004662.3383 02685935.2949 -0029651.9496
> 175988 1
H41 -1573594.4173 04602355.9683 05778581.0276 00001473.9244 -0005198.5886 00004656.9951 02691819.5775 -0029664.0352
> 175989 1
H41 -1572120.1593 04597010.5113 05783235.3492 00001474.5914 -0005203.2403 00004651.6475 02697706.3945 -0029676.0148
> 175990 1
H41 -1570645.2353 04591660.6114 05787884.3212 00001475.2563 -0005207.8871 00004646.2957 02703595.7237 -0029687.8892
> 175991 1
H41 -1569169.6473 04586306.2733 05792527.9392 00001475.9193 -0005212.5292 00004640.9396 02709487.5433 -0029699.6592
> 175992 1
H41 -1567693.3973 04580947.5018 05797166.1990 00001476.5803 -0005217.1665 00004635.5792 02715381.8313 -0029711.3258
> 175993 1
H41 -1566216.4874 04575584.3019 05801799.0961 00001477.2393 -0005221.7989 00004630.2145 02721278.5661 -0029722.8896
> 175994 1
H41 -1564738.9195 04570216.6782 05806426.6265 00001477.8962 -0005226.4266 00004624.8455 02727177.7262 -0029734.3515
> 175995 1
H41 -1563260.6956 04564844.6358 05811048.7857 00001478.5512 -0005231.0495 00004619.4722 02733079.2904 -0029745.7124
> 175996 1
H41 -1561781.8178 04559468.1793 05815665.5695 00001479.2041 -0005235.6676 00004614.0947 02738983.2375 -0029756.9729
> 175997 1
H41 -1560302.2880 04554087.3137 05820276.9736 00001479.8551 -0005240.2809 00004608.7129 02744889.5465 -0029768.1338
> 175998 1
H41 -1558822.1082 04548702.0439 05824882.9938 00001480.5041 -0005244.8893 00004603.3268 02750798.1966 -0029779.1961
> 175999 1
H41 -1557341.2805 04543312.3746 05829483.6258 00001481.1510 -0005249.4929 00004597.9365 02756709.1671 -0029790.1603
> 176000 1
H41 -1555859.8069 04537918.3107 05834078.8654 00001481.7959 -0005254.0917 00004592.5419 02762622.4376 -0029801.0273
> 176001 1
H41 -1554377.6893 04532519.8572 05838668.7082 00001482.4389 -0005258.6857 00004587.1431 02768537.9875 -0029811.7978
> 176002 1
H41 -1552894.9298 04527117.0188 05843253.1501 00001483.0798 -0005263.2749 00004581.7400 02774455.7969 -0029822.4726
> 176003 1
H41 -1551411.5304 04521709.8005 05847832.1868 00001483.7188 -0005267.8592 00004576.3327 02780375.8456 -0029833.0524
> 176004 1
H41 -1549927.4930 04516298.2071 05852405.8140 00001484.3557 -0005272.4386 00004570.9211 02786298.1136 -0029843.5379
> 176005 1
H41 -1548442.8196 04510882.2435 05856974.0276 00001484.9906 -0005277.0132 00004565.5054 02792222.5814 -0029853.9299
> 176006 1
H41 -1546957.5124 04505461.9147 05861536.8233 00001485.6236 -0005281.5830 00004560.0854 02798149.2293 -0029864.2291
