##接收机参考位置（LLH）110.001 60 1000
##接收机参考位置（ECEF）-1093697.622 3004746.3464 5501343.1592
##initialTime     175778
##endTime         176560
##obsTimeLength   783
##数据格式：satx saty satz satvx satvy satvz rangeObs dopplerObs
##rangeObs = range + receiverClcError
##dopplerObs = doppler + receiverClcDriftError
##信号类型为:3-2, 频率为:1520000000赫兹
##观测卫星个数：1
##end of head
> 175778 1
H41 -1865297.2120 05619295.8120 04689782.4501 00001289.5202 -0004123.4933 00005677.2402 02844276.4689 00029205.0786
> 175779 1
H41 -1864007.1486 05614983.0423 04695457.5203 00001290.6062 -0004129.0390 00005672.8993 02838345.8086 00029194.9138
> 175780 1
H41 -1862716.0003 05610664.9203 04701128.2470 00001291.6902 -0004134.5810 00005668.5533 02832417.2637 00029184.6565
> 175781 1
H41 -1861423.7690 05606341.4497 04706794.6251 00001292.7722 -0004140.1193 00005664.2019 02826490.8527 00029174.3062
> 175782 1
H41 -1860130.4566 05602012.6343 04712456.6492 00001293.8522 -0004145.6539 00005659.8454 02820566.5946 00029163.8621
> 175783 1
H41 -1858836.0652 05597678.4779 04718114.3141 00001294.9303 -0004151.1847 00005655.4836 02814644.5084 00029153.3235
> 175784 1
H41 -1857540.5966 05593338.9845 04723767.6147 00001296.0064 -0004156.7118 00005651.1166 02808724.6130 00029142.6897
> 175785 1
H41 -1856244.0529 05588994.1577 04729416.5456 00001297.0806 -0004162.2352 00005646.7443 02802806.9279 00029131.9599
> 175786 1
H41 -1854946.4361 05584644.0016 04735061.1016 00001298.1528 -0004167.7548 00005642.3669 02796891.4724 00029121.1335
> 175787 1
H41 -1853647.7480 05580288.5198 04740701.2776 00001299.2230 -0004173.2707 00005637.9842 02790978.2662 00029110.2097
> 175788 1
H41 -1852347.9908 05575927.7162 04746337.0682 00001300.2912 -0004178.7828 00005633.5963 02785067.3288 00029099.1878
> 175789 1
H41 -1851047.1662 05571561.5948 04751968.4684 00001301.3575 -0004184.2912 00005629.2032 02779158.6801 00029088.0669
> 175790 1
H41 -1849745.2764 05567190.1593 04757595.4728 00001302.4218 -0004189.7957 00005624.8048 02773252.3402 00029076.8465
> 175791 1
H41 -1848442.3233 05562813.4137 04763218.0763 00001303.4841 -0004195.2966 00005620.4013 02767348.3292 00029065.5256
> 175792 1
H41 -1847138.3089 05558431.3617 04768836.2737 00001304.5445 -0004200.7936 00005615.9926 02761446.6674 00029054.1036
> 175793 1
H41 -1845833.2351 05554044.0074 04774450.0598 00001305.6028 -0004206.2869 00005611.5787 02755547.3753 00029042.5796
> 175794 1
H41 -1844527.1039 05549651.3545 04780059.4293 00001306.6592 -0004211.7763 00005607.1596 02749650.4735 00029030.9529
> 175795 1
H41 -1843219.9172 05545253.4069 04785664.3771 00001307.7137 -0004217.2620 00005602.7353 02743755.9827 00029019.2227
> 175796 1
H41 -1841911.6772 05540850.1686 04791264.8981 00001308.7661 -0004222.7439 00005598.3058 02737863.9240 00029007.3882
> 175797 1
H41 -1840602.3856 05536441.6434 04796860.9870 00001309.8166 -0004228.2220 00005593.8711 02731974.3183 00028995.4485
> 175798 1
H41 -1839292.0446 05532027.8352 04802452.6386 00001310.8651 -0004233.6962 00005589.4313 02726087.1869 00028983.4029
> 175799 1
H41 -1837980.6561 05527608.7480 04808039.8478 00001311.9116 -0004239.1667 00005584.9863 02720202.5513 00028971.2506
> 175800 1
H41 -1836668.2220 05523184.3856 04813622.6094 00001312.9562 -0004244.6333 00005580.5361 02714320.4331 00028958.9906
> 175801 1
H41 -1835354.7444 05518754.7520 04819200.9183 00001313.9988 -0004250.0961 00005576.0808 02708440.8539 00028946.6222
> 175802 1
H41 -1834040.2251 05514319.8510 04824774.7692 00001315.0394 -0004255.5551 00005571.6203 02702563.8357 00028934.1446
> 175803 1
H41 -1832724.6663 05509879.6867 04830344.1571 00001316.0780 -0004261.0102 00005567.1546 02696689.4006 00028921.5568
> 175804 1
H41 -1831408.0698 05505434.2629 04835909.0768 00001317.1146 -0004266.4615 00005562.6838 02690817.5709 00028908.8581
> 175805 1
H41 -1830090.4376 05500983.5837 04841469.5231 00001318.1493 -0004271.9089 00005558.2079 02684948.3689 00028896.0474
> 175806 1
H41 -1828771.7718 05496527.6528 04847025.4909 00001319.1820 -0004277.3525 00005553.7268 02679081.8173 00028883.1241
> 175807 1
H41 -1827452.0743 05492066.4743 04852576.9750 00001320.2127 -0004282.7923 00005549.2406 02673217.9388 00028870.0871
> 175808 1
H41 -1826131.3470 05487600.0522 04858123.9704 00001321.2414 -0004288.2281 00005544.7492 02667356.7565 00028856.9356
> 175809 1
H41 -1824809.5921 05483128.3903 04863666.4718 00001322.2682 -0004293.6601 00005540.2528 02661498.2933 00028843.6687
> 175810 1
H41 -1823486.8113 05478651.4927 04869204.4742 00001323.2930 -0004299.0882 00005535.7512 02655642.5728 00028830.2854
> 175811 1
H41 -1822163.0068 05474169.3633 04874737.9724 00001324.3158 -0004304.5125 00005531.2444 02649789.6183 00028816.7848
> 175812 1
H41 -1820838.1804 05469682.0060 04880266.9614 00001325.3366 -0004309.9328 00005526.7326 02643939.4536 00028803.1661
> 175813 1
H41 -1819512.3343 05465189.4250 04885791.4359 00001326.3554 -0004315.3493 00005522.2156 02638092.1025 00028789.4283
> 175814 1
H41 -1818185.4703 05460691.6241 04891311.3909 00001327.3723 -0004320.7619 00005517.6936 02632247.5890 00028775.5703
> 175815 1
H41 -1816857.5904 05456188.6073 04896826.8213 00001328.3871 -0004326.1705 00005513.1664 02626405.9375 00028761.5913
> 175816 1
H41 -1815528.6967 05451680.3787 04902337.7220 00001329.4000 -0004331.5753 00005508.6341 02620567.1724 00028747.4903
> 175817 1
H41 -1814198.7910 05447166.9422 04907844.0879 00001330.4109 -0004336.9762 00005504.0968 02614731.3183 00028733.2664
> 175818 1
H41 -1812867.8755 05442648.3018 04913345.9139 00001331.4199 -0004342.3731 00005499.5543 02608898.4001 00028718.9184
> 175819 1
H41 -1811535.9520 05438124.4616 04918843.1948 00001332.4268 -0004347.7661 00005495.0068 02603068.4427 00028704.4455
> 175820 1
H41 -1810203.0226 05433595.4255 04924335.9257 00001333.4317 -0004353.1552 00005490.4541 02597241.4715 00028689.8466
> 175821 1
H41 -1808869.0892 05429061.1977 04929824.1014 00001334.4347 -0004358.5403 00005485.8964 02591417.5118 00028675.1207
> 175822 1
H41 -1807534.1538 05424521.7820 04935307.7169 00001335.4357 -0004363.9215 00005481.3337 02585596.5893 00028660.2668
> 175823 1
H41 -1806198.2184 05419977.1825 04940786.7671 00001336.4347 -0004369.2988 00005476.7658 02579778.7298 00028645.2838
> 175824 1
H41 -1804861.2850 05415427.4033 04946261.2469 00001337.4317 -0004374.6721 00005472.1929 02573963.9594 00028630.1708
> 175825 1
H41 -1803523.3556 05410872.4484 04951731.1512 00001338.4268 -0004380.0415 00005467.6149 02568152.3043 00028614.9265
> 175826 1
H41 -1802184.4321 05406312.3219 04957196.4750 00001339.4198 -0004385.4069 00005463.0319 02562343.7910 00028599.5501
> 175827 1
H41 -1800844.5166 05401747.0277 04962657.2133 00001340.4109 -0004390.7683 00005458.4438 02556538.4462 00028584.0404
> 175828 1
H41 -1799503.6110 05397176.5700 04968113.3609 00001341.4000 -0004396.1257 00005453.8507 02550736.2968 00028568.3962
> 175829 1
H41 -1798161.7173 05392600.9528 04973564.9129 00001342.3871 -0004401.4792 00005449.2525 02544937.3699 00028552.6166
> 175830 1
H41 -1796818.8375 05388020.1802 04979011.8642 00001343.3722 -0004406.8287 00005444.6492 02539141.6929 00028536.7004
> 175831 1
H41 -1795474.9736 05383434.2562 04984454.2097 00001344.3553 -0004412.1742 00005440.0410 02533349.2933 00028520.6465
> 175832 1
H41 -1794130.1276 05378843.1850 04989891.9445 00001345.3364 -0004417.5158 00005435.4277 02527560.1989 00028504.4538
> 175833 1
H41 -1792784.3015 05374246.9705 04995325.0634 00001346.3156 -0004422.8533 00005430.8094 02521774.4377 00028488.1210
> 175834 1
H41 -1791437.4972 05369645.6169 05000753.5616 00001347.2927 -0004428.1868 00005426.1860 02515992.0380 00028471.6472
> 175835 1
H41 -1790089.7167 05365039.1283 05006177.4338 00001348.2679 -0004433.5163 00005421.5577 02510213.0281 00028455.0310
> 175836 1
H41 -1788740.9620 05360427.5087 05011596.6752 00001349.2411 -0004438.8418 00005416.9243 02504437.4370 00028438.2713
> 175837 1
H41 -1787391.2352 05355810.7623 05017011.2807 00001350.2123 -0004444.1633 00005412.2859 02498665.2934 00028421.3670
> 175838 1
H41 -1786040.5382 05351188.8932 05022421.2454 00001351.1815 -0004449.4808 00005407.6425 02492896.6266 00028404.3168
> 175839 1
H41 -1784688.8729 05346561.9055 05027826.5641 00001352.1487 -0004454.7942 00005402.9941 02487131.4659 00028387.1195
> 175840 1
H41 -1783336.2415 05341929.8032 05033227.2319 00001353.1139 -0004460.1036 00005398.3407 02481369.8411 00028369.7739
> 175841 1
H41 -1781982.6458 05337292.5906 05038623.2438 00001354.0771 -0004465.4090 00005393.6823 02475611.7821 00028352.2788
> 175842 1
H41 -1780628.0878 05332650.2717 05044014.5949 00001355.0384 -0004470.7103 00005389.0189 02469857.3190 00028334.6329
> 175843 1
H41 -1779272.5697 05328002.8507 05049401.2801 00001355.9976 -0004476.0075 00005384.3506 02464106.4822 00028316.8350
> 175844 1
H41 -1777916.0932 05323350.3316 05054783.2944 00001356.9549 -0004481.3007 00005379.6772 02458359.3024 00028298.8837
> 175845 1
H41 -1776558.6605 05318692.7187 05060160.6329 00001357.9102 -0004486.5899 00005374.9989 02452615.8105 00028280.7779
> 175846 1
H41 -1775200.2735 05314030.0161 05065533.2905 00001358.8635 -0004491.8750 00005370.3156 02446876.0377 00028262.5161
> 175847 1
H41 -1773840.9342 05309362.2279 05070901.2624 00001359.8148 -0004497.1560 00005365.6274 02441140.0154 00028244.0971
> 175848 1
H41 -1772480.6447 05304689.3583 05076264.5436 00001360.7641 -0004502.4329 00005360.9341 02435407.7753 00028225.5197
> 175849 1
H41 -1771119.4068 05300011.4115 05081623.1291 00001361.7114 -0004507.7058 00005356.2359 02429679.3494 00028206.7823
> 175850 1
H41 -1769757.2226 05295328.3915 05086977.0138 00001362.6567 -0004512.9745 00005351.5328 02423954.7699 00028187.8837
> 175851 1
H41 -1768394.0941 05290640.3027 05092326.1930 00001363.6000 -0004518.2392 00005346.8247 02418234.0693 00028168.8226
> 175852 1
H41 -1767030.0233 05285947.1491 05097670.6616 00001364.5413 -0004523.4998 00005342.1117 02412517.2804 00028149.5975
> 175853 1
H41 -1765665.0121 05281248.9349 05103010.4148 00001365.4807 -0004528.7562 00005337.3937 02406804.4362 00028130.2070
> 175854 1
H41 -1764299.0626 05276545.6644 05108345.4474 00001366.4180 -0004534.0086 00005332.6708 02401095.5701 00028110.6498
> 175855 1
H41 -1762932.1768 05271837.3416 05113675.7547 00001367.3534 -0004539.2569 00005327.9430 02395390.7156 00028090.9245
> 175856 1
H41 -1761564.3566 05267123.9709 05119001.3317 00001368.2867 -0004544.5010 00005323.2102 02389689.9067 00028071.0295
> 175857 1
H41 -1760195.6040 05262405.5563 05124322.1734 00001369.2181 -0004549.7410 00005318.4725 02383993.1776 00028050.9635
> 175858 1
H41 -1758825.9211 05257682.1022 05129638.2750 00001370.1474 -0004554.9769 00005313.7299 02378300.5627 00028030.7250
> 175859 1
H41 -1757455.3098 05252953.6126 05134949.6315 00001371.0748 -0004560.2086 00005308.9823 02372612.0968 00028010.3125
> 175860 1
H41 -1756083.7722 05248220.0919 05140256.2380 00001372.0002 -0004565.4362 00005304.2299 02366927.8149 00027989.7245
> 175861 1
H41 -1754711.3101 05243481.5443 05145558.0896 00001372.9236 -0004570.6597 00005299.4725 02361247.7525 00027968.9596
> 175862 1
H41 -1753337.9257 05238737.9739 05150855.1815 00001373.8450 -0004575.8790 00005294.7103 02355571.9451 00027948.0162
> 175863 1
H41 -1751963.6209 05233989.3850 05156147.5086 00001374.7644 -0004581.0942 00005289.9431 02349900.4288 00027926.8928
> 175864 1
H41 -1750588.3976 05229235.7818 05161435.0661 00001375.6817 -0004586.3052 00005285.1711 02344233.2398 00027905.5877
> 175865 1
H41 -1749212.2580 05224477.1686 05166717.8491 00001376.5972 -0004591.5120 00005280.3941 02338570.4147 00027884.0996
> 175866 1
H41 -1747835.2040 05219713.5496 05171995.8528 00001377.5106 -0004596.7147 00005275.6123 02332911.9905 00027862.4267
> 175867 1
H41 -1746457.2376 05214944.9290 05177269.0721 00001378.4220 -0004601.9132 00005270.8256 02327258.0043 00027840.5675
> 175868 1
H41 -1745078.3607 05210171.3112 05182537.5024 00001379.3314 -0004607.1075 00005266.0341 02321608.4936 00027818.5204
> 175869 1
H41 -1743698.5755 05205392.7003 05187801.1386 00001380.2388 -0004612.2976 00005261.2376 02315963.4964 00027796.2837
> 175870 1
H41 -1742317.8838 05200609.1007 05193059.9760 00001381.1442 -0004617.4835 00005256.4363 02310323.0508 00027773.8559
> 175871 1
H41 -1740936.2877 05195820.5166 05198314.0096 00001382.0476 -0004622.6653 00005251.6301 02304687.1954 00027751.2351
> 175872 1
H41 -1739553.7892 05191026.9522 05203563.2346 00001382.9491 -0004627.8428 00005246.8191 02299055.9690 00027728.4199
> 175873 1
H41 -1738170.3903 05186228.4119 05208807.6462 00001383.8485 -0004633.0161 00005242.0032 02293429.4107 00027705.4084
> 175874 1
H41 -1736786.0929 05181424.8999 05214047.2394 00001384.7459 -0004638.1853 00005237.1825 02287807.5602 00027682.1989
> 175875 1
H41 -1735400.8992 05176616.4205 05219282.0095 00001385.6413 -0004643.3502 00005232.3569 02282190.4572 00027658.7898
> 175876 1
H41 -1734014.8109 05171802.9781 05224511.9516 00001386.5348 -0004648.5109 00005227.5265 02276578.1421 00027635.1793
> 175877 1
H41 -1732627.8303 05166984.5768 05229737.0608 00001387.4262 -0004653.6673 00005222.6912 02270970.6553 00027611.3657
> 175878 1
H41 -1731239.9592 05162161.2210 05234957.3324 00001388.3156 -0004658.8195 00005217.8511 02265368.0378 00027587.3471
> 175879 1
H41 -1729851.1997 05157332.9151 05240172.7615 00001389.2031 -0004663.9675 00005213.0062 02259770.3309 00027563.1217
> 175880 1
H41 -1728461.5537 05152499.6633 05245383.3433 00001390.0885 -0004669.1113 00005208.1565 02254177.5762 00027538.6878
> 175881 1
H41 -1727071.0233 05147661.4699 05250589.0729 00001390.9719 -0004674.2508 00005203.3019 02248589.8157 00027514.0435
> 175882 1
H41 -1725679.6105 05142818.3393 05255789.9455 00001391.8534 -0004679.3860 00005198.4426 02243007.0919 00027489.1869
> 175883 1
H41 -1724287.3172 05137970.2758 05260985.9564 00001392.7328 -0004684.5170 00005193.5784 02237429.4473 00027464.1163
> 175884 1
H41 -1722894.1455 05133117.2837 05266177.1007 00001393.6103 -0004689.6437 00005188.7094 02231856.9252 00027438.8296
> 175885 1
H41 -1721500.0974 05128259.3673 05271363.3736 00001394.4857 -0004694.7662 00005183.8356 02226289.5691 00027413.3251
> 175886 1
H41 -1720105.1748 05123396.5311 05276544.7704 00001395.3591 -0004699.8844 00005178.9571 02220727.4228 00027387.6007
> 175887 1
H41 -1718709.3798 05118528.7793 05281721.2861 00001396.2306 -0004704.9983 00005174.0737 02215170.5306 00027361.6546
> 175888 1
H41 -1717312.7143 05113656.1162 05286892.9162 00001397.1000 -0004710.1079 00005169.1855 02209618.9372 00027335.4847
> 175889 1
H41 -1715915.1804 05108778.5463 05292059.6556 00001397.9675 -0004715.2133 00005164.2926 02204072.6876 00027309.0891
> 175890 1
H41 -1714516.7801 05103896.0740 05297221.4998 00001398.8329 -0004720.3143 00005159.3949 02198531.8272 00027282.4658
> 175891 1
H41 -1713117.5153 05099008.7034 05302378.4438 00001399.6963 -0004725.4111 00005154.4924 02192996.4019 00027255.6128
> 175892 1
H41 -1711717.3881 05094116.4392 05307530.4830 00001400.5578 -0004730.5035 00005149.5852 02187466.4580 00027228.5280
> 175893 1
H41 -1710316.4004 05089219.2855 05312677.6126 00001401.4172 -0004735.5916 00005144.6732 02181942.0422 00027201.2094
> 175894 1
H41 -1708914.5543 05084317.2468 05317819.8278 00001402.2746 -0004740.6755 00005139.7564 02176423.2014 00027173.6549
> 175895 1
H41 -1707511.8518 05079410.3275 05322957.1238 00001403.1301 -0004745.7550 00005134.8349 02170909.9833 00027145.8623
> 175896 1
H41 -1706108.2949 05074498.5319 05328089.4959 00001403.9835 -0004750.8301 00005129.9086 02165402.4356 00027117.8296
> 175897 1
H41 -1704703.8855 05069581.8645 05333216.9394 00001404.8349 -0004755.9010 00005124.9776 02159900.6069 00027089.5547
> 175898 1
H41 -1703298.6257 05064660.3297 05338339.4494 00001405.6843 -0004760.9675 00005120.0418 02154404.5458 00027061.0353
> 175899 1
H41 -1701892.5175 05059733.9318 05343457.0214 00001406.5318 -0004766.0297 00005115.1013 02148914.3015 00027032.2693
> 175900 1
H41 -1700485.5628 05054802.6753 05348569.6504 00001407.3772 -0004771.0875 00005110.1561 02143429.9238 00027003.2545
> 175901 1
H41 -1699077.7638 05049866.5645 05353677.3319 00001408.2206 -0004776.1410 00005105.2061 02137951.4626 00026973.9886
> 175902 1
H41 -1697669.1223 05044925.6039 05358780.0611 00001409.0620 -0004781.1902 00005100.2514 02132478.9686 00026944.4694
> 175903 1
H41 -1696259.6404 05039979.7980 05363877.8332 00001409.9014 -0004786.2350 00005095.2920 02127012.4928 00026914.6946
> 175904 1
H41 -1694849.3201 05035029.1510 05368970.6435 00001410.7389 -0004791.2754 00005090.3279 02121552.0865 00026884.6620
> 175905 1
H41 -1693438.1634 05030073.6676 05374058.4874 00001411.5743 -0004796.3114 00005085.3591 02116097.8016 00026854.3692
> 175906 1
H41 -1692026.1722 05025113.3520 05379141.3602 00001412.4077 -0004801.3431 00005080.3856 02110649.6907 00026823.8139
> 175907 1
H41 -1690613.3487 05020148.2088 05384219.2570 00001413.2391 -0004806.3704 00005075.4073 02105207.8064 00026792.9937
> 175908 1
H41 -1689199.6948 05015178.2424 05389292.1733 00001414.0685 -0004811.3933 00005070.4244 02099772.2021 00026761.9063
> 175909 1
H41 -1687785.2124 05010203.4572 05394360.1043 00001414.8959 -0004816.4118 00005065.4368 02094342.9316 00026730.5492
> 175910 1
H41 -1686369.9037 05005223.8577 05399423.0454 00001415.7213 -0004821.4260 00005060.4445 02088920.0493 00026698.9200
> 175911 1
H41 -1684953.7706 05000239.4484 05404480.9918 00001416.5446 -0004826.4357 00005055.4475 02083503.6097 00026667.0163
> 175912 1
H41 -1683536.8151 04995250.2337 05409533.9389 00001417.3660 -0004831.4410 00005050.4459 02078093.6682 00026634.8356
> 175913 1
H41 -1682119.0392 04990256.2181 05414581.8820 00001418.1854 -0004836.4419 00005045.4396 02072690.2806 00026602.3754
> 175914 1
H41 -1680700.4449 04985257.4060 05419624.8165 00001419.0028 -0004841.4384 00005040.4286 02067293.5031 00026569.6331
> 175915 1
H41 -1679281.0343 04980253.8020 05424662.7376 00001419.8182 -0004846.4305 00005035.4129 02061903.3925 00026536.6063
> 175916 1
H41 -1677860.8092 04975245.4105 05429695.6408 00001420.6315 -0004851.4182 00005030.3926 02056520.0060 00026503.2923
> 175917 1
H41 -1676439.7719 04970232.2360 05434723.5213 00001421.4429 -0004856.4014 00005025.3676 02051143.4014 00026469.6886
> 175918 1
H41 -1675017.9241 04965214.2830 05439746.3745 00001422.2523 -0004861.3802 00005020.3380 02045773.6370 00026435.7926
> 175919 1
H41 -1673595.2680 04960191.5560 05444764.1958 00001423.0596 -0004866.3546 00005015.3038 02040410.7717 00026401.6016
> 175920 1
H41 -1672171.8055 04955164.0595 05449776.9805 00001423.8650 -0004871.3245 00005010.2649 02035054.8649 00026367.1129
> 175921 1
H41 -1670747.5387 04950131.7980 05454784.7240 00001424.6683 -0004876.2900 00005005.2213 02029705.9763 00026332.3238
> 175922 1
H41 -1669322.4696 04945094.7760 05459787.4216 00001425.4697 -0004881.2510 00005000.1732 02024364.1666 00026297.2317
> 175923 1
H41 -1667896.6001 04940052.9981 05464785.0688 00001426.2690 -0004886.2076 00004995.1204 02019029.4966 00026261.8338
> 175924 1
H41 -1666469.9322 04935006.4687 05469777.6609 00001427.0663 -0004891.1597 00004990.0630 02013702.0280 00026226.1272
> 175925 1
H41 -1665042.4681 04929955.1924 05474765.1932 00001427.8617 -0004896.1073 00004985.0010 02008381.8227 00026190.1094
> 175926 1
H41 -1663614.2096 04924899.1737 05479747.6613 00001428.6550 -0004901.0505 00004979.9343 02003068.9435 00026153.7773
> 175927 1
H41 -1662185.1587 04919838.4172 05484725.0604 00001429.4463 -0004905.9892 00004974.8631 01997763.4536 00026117.1282
> 175928 1
H41 -1660755.3176 04914772.9273 05489697.3859 00001430.2356 -0004910.9233 00004969.7872 01992465.4167 00026080.1591
> 175929 1
H41 -1659324.6882 04909702.7087 05494664.6333 00001431.0229 -0004915.8531 00004964.7068 01987174.8973 00026042.8673
> 175930 1
H41 -1657893.2724 04904627.7658 05499626.7980 00001431.8082 -0004920.7783 00004959.6218 01981891.9604 00026005.2498
> 175931 1
H41 -1656461.0723 04899548.1033 05504583.8753 00001432.5915 -0004925.6990 00004954.5321 01976616.6713 00025967.3035
> 175932 1
H41 -1655028.0900 04894463.7256 05509535.8608 00001433.3728 -0004930.6152 00004949.4379 01971349.0964 00025929.0256
> 175933 1
H41 -1653594.3273 04889374.6374 05514482.7497 00001434.1521 -0004935.5269 00004944.3392 01966089.3022 00025890.4130
> 175934 1
H41 -1652159.7864 04884280.8432 05519424.5376 00001434.9294 -0004940.4341 00004939.2358 01960837.3562 00025851.4628
> 175935 1
H41 -1650724.4692 04879182.3476 05524361.2198 00001435.7047 -0004945.3368 00004934.1279 01955593.3263 00025812.1718
> 175936 1
H41 -1649288.3777 04874079.1551 05529292.7918 00001436.4780 -0004950.2350 00004929.0154 01950357.2811 00025772.5369
> 175937 1
H41 -1647851.5139 04868971.2704 05534219.2490 00001437.2492 -0004955.1286 00004923.8983 01945129.2897 00025732.5551
> 175938 1
H41 -1646413.8799 04863858.6981 05539140.5870 00001438.0185 -0004960.0177 00004918.7767 01939909.4219 00025692.2233
> 175939 1
H41 -1644975.4776 04858741.4426 05544056.8010 00001438.7857 -0004964.9023 00004913.6506 01934697.7482 00025651.5381
> 175940 1
H41 -1643536.3091 04853619.5087 05548967.8866 00001439.5510 -0004969.7823 00004908.5199 01929494.3396 00025610.4965
> 175941 1
H41 -1642096.3763 04848492.9008 05553873.8393 00001440.3142 -0004974.6578 00004903.3846 01924299.2680 00025569.0953
> 175942 1
H41 -1640655.6813 04843361.6237 05558774.6544 00001441.0755 -0004979.5287 00004898.2449 01919112.6055 00025527.3311
> 175943 1
H41 -1639214.2260 04838225.6819 05563670.3275 00001441.8347 -0004984.3951 00004893.1006 01913934.4253 00025485.2007
> 175944 1
H41 -1637772.0125 04833085.0800 05568560.8540 00001442.5919 -0004989.2569 00004887.9517 01908764.8010 00025442.7008
> 175945 1
H41 -1636329.0428 04827939.8227 05573446.2294 00001443.3472 -0004994.1141 00004882.7984 01903603.8070 00025399.8280
> 175946 1
H41 -1634885.3189 04822789.9146 05578326.4493 00001444.1004 -0004998.9668 00004877.6405 01898451.5182 00025356.5790
> 175947 1
H41 -1633440.8427 04817635.3603 05583201.5089 00001444.8516 -0005003.8149 00004872.4781 01893308.0104 00025312.9504
> 175948 1
H41 -1631995.6164 04812476.1644 05588071.4040 00001445.6008 -0005008.6584 00004867.3112 01888173.3599 00025268.9388
> 175949 1
H41 -1630549.6418 04807312.3316 05592936.1299 00001446.3480 -0005013.4974 00004862.1398 01883047.6437 00025224.5407
> 175950 1
H41 -1629102.9211 04802143.8664 05597795.6822 00001447.0932 -0005018.3317 00004856.9640 01877930.9397 00025179.7527
> 175951 1
H41 -1627655.4561 04796970.7737 05602650.0563 00001447.8364 -0005023.1615 00004851.7836 01872823.3263 00025134.5712
> 175952 1
H41 -1626207.2490 04791793.0579 05607499.2478 00001448.5776 -0005027.9866 00004846.5987 01867724.8825 00025088.9927
> 175953 1
H41 -1624758.3017 04786610.7238 05612343.2522 00001449.3167 -0005032.8072 00004841.4093 01862635.6884 00025043.0136
> 175954 1
H41 -1623308.6162 04781423.7760 05617182.0650 00001450.0539 -0005037.6231 00004836.2155 01857555.8244 00024996.6303
> 175955 1
H41 -1621858.1945 04776232.2192 05622015.6817 00001450.7891 -0005042.4344 00004831.0172 01852485.3719 00024949.8393
> 175956 1
H41 -1620407.0387 04771036.0580 05626844.0979 00001451.5222 -0005047.2411 00004825.8144 01847424.4128 00024902.6369
> 175957 1
H41 -1618955.1507 04765835.2972 05631667.3091 00001452.2534 -0005052.0432 00004820.6072 01842373.0301 00024855.0193
> 175958 1
H41 -1617502.5326 04760629.9414 05636485.3108 00001452.9825 -0005056.8407 00004815.3955 01837331.3070 00024806.9829
> 175959 1
H41 -1616049.1864 04755419.9952 05641298.0986 00001453.7097 -0005061.6335 00004810.1793 01832299.3280 00024758.5240
> 175960 1
H41 -1614595.1140 04750205.4634 05646105.6680 00001454.4348 -0005066.4217 00004804.9587 01827277.1779 00024709.6387
> 175961 1
H41 -1613140.3174 04744986.3506 05650908.0146 00001455.1579 -0005071.2052 00004799.7337 01822264.9426 00024660.3233
> 175962 1
H41 -1611684.7988 04739762.6616 05655705.1339 00001455.8791 -0005075.9841 00004794.5042 01817262.7086 00024610.5740
> 175963 1
H41 -1610228.5600 04734534.4010 05660497.0215 00001456.5982 -0005080.7584 00004789.2703 01812270.5631 00024560.3868
> 175964 1
H41 -1608771.6031 04729301.5736 05665283.6730 00001457.3153 -0005085.5279 00004784.0319 01807288.5943 00024509.7580
> 175965 1
H41 -1607313.9301 04724064.1840 05670065.0839 00001458.0304 -0005090.2929 00004778.7892 01802316.8909 00024458.6836
> 175966 1
H41 -1605855.5430 04718822.2371 05674841.2498 00001458.7435 -0005095.0531 00004773.5420 01797355.5425 00024407.1596
> 175967 1
H41 -1604396.4438 04713575.7374 05679612.1663 00001459.4546 -0005099.8087 00004768.2903 01792404.6397 00024355.1822
> 175968 1
H41 -1602936.6345 04708324.6897 05684377.8290 00001460.1637 -0005104.5596 00004763.0343 01787464.2736 00024302.7472
> 175969 1
H41 -1601476.1171 04703069.0987 05689138.2335 00001460.8708 -0005109.3059 00004757.7739 01782534.5362 00024249.8507
> 175970 1
H41 -1600014.8937 04697808.9692 05693893.3753 00001461.5758 -0005114.0474 00004752.5091 01777615.5203 00024196.4886
> 175971 1
H41 -1598552.9661 04692544.3059 05698643.2501 00001462.2789 -0005118.7843 00004747.2398 01772707.3196 00024142.6569
> 175972 1
H41 -1597090.3365 04687275.1135 05703387.8535 00001462.9800 -0005123.5164 00004741.9662 01767810.0286 00024088.3514
> 175973 1
H41 -1595627.0068 04682001.3969 05708127.1811 00001463.6790 -0005128.2439 00004736.6882 01762923.7426 00024033.5680
> 175974 1
H41 -1594162.9791 04676723.1606 05712861.2285 00001464.3761 -0005132.9666 00004731.4058 01758048.5576 00023978.3025
> 175975 1
H41 -1592698.2553 04671440.4096 05717589.9913 00001465.0712 -0005137.6847 00004726.1190 01753184.5706 00023922.5508
> 175976 1
H41 -1591232.8375 04666153.1485 05722313.4651 00001465.7642 -0005142.3980 00004720.8279 01748331.8794 00023866.3085
> 175977 1
H41 -1589766.7276 04660861.3821 05727031.6456 00001466.4552 -0005147.1066 00004715.5324 01743490.5826 00023809.5716
> 175978 1
H41 -1588299.9276 04655565.1151 05731744.5285 00001467.1443 -0005151.8105 00004710.2325 01738660.7798 00023752.3356
> 175979 1
H41 -1586832.4397 04650264.3524 05736452.1093 00001467.8313 -0005156.5097 00004704.9283 01733842.5713 00023694.5964
> 175980 1
H41 -1585364.2657 04644959.0987 05741154.3837 00001468.5163 -0005161.2041 00004699.6197 01729036.0583 00023636.3495
> 175981 1
H41 -1583895.4077 04639649.3588 05745851.3473 00001469.1994 -0005165.8938 00004694.3068 01724241.3429 00023577.5906
> 175982 1
H41 -1582425.8677 04634335.1375 05750542.9959 00001469.8804 -0005170.5788 00004688.9896 01719458.5280 00023518.3154
> 175983 1
H41 -1580955.6476 04629016.4396 05755229.3250 00001470.5594 -0005175.2590 00004683.6680 01714687.7175 00023458.5194
> 175984 1
H41 -1579484.7496 04623693.2698 05759910.3303 00001471.2364 -0005179.9344 00004678.3420 01709929.0162 00023398.1983
> 175985 1
H41 -1578013.1755 04618365.6330 05764586.0076 00001471.9114 -0005184.6051 00004673.0118 01705182.5296 00023337.3475
> 175986 1
H41 -1576540.9274 04613033.5339 05769256.3524 00001472.5844 -0005189.2711 00004667.6772 01700448.3642 00023275.9626
> 175987 1
H41 -1575068.0074 04607696.9774 05773921.3605 00001473.2554 -0005193.9322 00004662.3383 01695726.6274 00023214.0390
> 175988 1
H41 -1573594.4173 04602355.9683 05778581.0276 00001473.9244 -0005198.5886 00004656.9951 01691017.4276 00023151.5724
> 175989 1
H41 -1572120.1593 04597010.5113 05783235.3492 00001474.5914 -0005203.2403 00004651.6475 01686320.8740 00023088.5581
> 175990 1
H41 -1570645.2353 04591660.6114 05787884.3212 00001475.2563 -0005207.8871 00004646.2957 01681637.0766 00023024.9915
> 175991 1
H41 -1569169.6473 04586306.2733 05792527.9392 00001475.9193 -0005212.5292 00004640.9396 01676966.1466 00022960.8681
> 175992 1
H41 -1567693.3973 04580947.5018 05797166.1990 00001476.5803 -0005217.1665 00004635.5792 01672308.1959 00022896.1833
> 175993 1
H41 -1566216.4874 04575584.3019 05801799.0961 00001477.2393 -0005221.7989 00004630.2145 01667663.3373 00022830.9324
> 175994 1
H41 -1564738.9195 04570216.6782 05806426.6265 00001477.8962 -0005226.4266 00004624.8455 01663031.6848 00022765.1108
> 175995 1
H41 -1563260.6956 04564844.6358 05811048.7857 00001478.5512 -0005231.0495 00004619.4722 01658413.3530 00022698.7137
> 175996 1
H41 -1561781.8178 04559468.1793 05815665.5695 00001479.2041 -0005235.6676 00004614.0947 01653808.4576 00022631.7366
> 175997 1
H41 -1560302.2880 04554087.3137 05820276.9736 00001479.8551 -0005240.2809 00004608.7129 01649217.1154 00022564.1747
> 175998 1
H41 -1558822.1082 04548702.0439 05824882.9938 00001480.5041 -0005244.8893 00004603.3268 01644639.4438 00022496.0233
> 175999 1
H41 -1557341.2805 04543312.3746 05829483.6258 00001481.1510 -0005249.4929 00004597.9365 01640075.5614 00022427.2776
> 176000 1
H41 -1555859.8069 04537918.3107 05834078.8654 00001481.7959 -0005254.0917 00004592.5419 01635525.5876 00022357.9329
> 176001 1
H41 -1554377.6893 04532519.8572 05838668.7082 00001482.4389 -0005258.6857 00004587.1431 01630989.6430 00022287.9844
> 176002 1
H41 -1552894.9298 04527117.0188 05843253.1501 00001483.0798 -0005263.2749 00004581.7400 01626467.8488 00022217.4274
> 176003 1
H41 -1551411.5304 04521709.8005 05847832.1868 00001483.7188 -0005267.8592 00004576.3327 01621960.3275 00022146.2569
> 176004 1
H41 -1549927.4930 04516298.2071 05852405.8140 00001484.3557 -0005272.4386 00004570.9211 01617467.2023 00022074.4683
> 176005 1
H41 -1548442.8196 04510882.2435 05856974.0276 00001484.9906 -0005277.0132 00004565.5054 01612988.5976 00022002.0566
> 176006 1
H41 -1546957.5124 04505461.9147 05861536.8233 00001485.6236 -0005281.5830 00004560.0854 01608524.6385 00021929.0171
> 176007 1
H41 -1545471.5732 04500037.2254 05866094.1969 00001486.2545 -0005286.1479 00004554.6612 01604075.4513 00021855.3448
> 176008 1
H41 -1543985.0041 04494608.1806 05870646.1442 00001486.8834 -0005290.7079 00004549.2327 01599641.1632 00021781.0351
> 176009 1
H41 -1542497.8071 04489174.7852 05875192.6610 00001487.5103 -0005295.2631 00004543.8001 01595221.9023 00021706.0828
> 176010 1
H41 -1541009.9841 04483737.0441 05879733.7430 00001488.1352 -0005299.8134 00004538.3632 01590817.7978 00021630.4833
> 176011 1
H41 -1539521.5372 04478294.9623 05884269.3861 00001488.7582 -0005304.3588 00004532.9222 01586428.9798 00021554.2316
> 176012 1
H41 -1538032.4685 04472848.5445 05888799.5860 00001489.3791 -0005308.8993 00004527.4770 01582055.5794 00021477.3229
> 176013 1
H41 -1536542.7798 04467397.7958 05893324.3386 00001489.9980 -0005313.4350 00004522.0276 01577697.7287 00021399.7522
> 176014 1
H41 -1535052.4731 04461942.7211 05897843.6398 00001490.6149 -0005317.9658 00004516.5740 01573355.5606 00021321.5147
> 176015 1
H41 -1533561.5506 04456483.3253 05902357.4852 00001491.2298 -0005322.4916 00004511.1162 01569029.2093 00021242.6055
> 176016 1
H41 -1532070.0142 04451019.6133 05906865.8707 00001491.8427 -0005327.0126 00004505.6542 01564718.8098 00021163.0197
> 176017 1
H41 -1530577.8658 04445551.5900 05911368.7922 00001492.4536 -0005331.5287 00004500.1881 01560424.4980 00021082.7524
> 176018 1
H41 -1529085.1075 04440079.2605 05915866.2456 00001493.0626 -0005336.0399 00004494.7178 01556146.4108 00021001.7987
> 176019 1
H41 -1527591.7414 04434602.6296 05920358.2265 00001493.6695 -0005340.5461 00004489.2434 01551884.6864 00020920.1537
> 176020 1
H41 -1526097.7693 04429121.7023 05924844.7310 00001494.2744 -0005345.0474 00004483.7648 01547639.4635 00020837.8127
> 176021 1
H41 -1524603.1933 04423636.4835 05929325.7547 00001494.8773 -0005349.5439 00004478.2821 01543410.8820 00020754.7706
> 176022 1
H41 -1523108.0154 04418146.9782 05933801.2937 00001495.4782 -0005354.0353 00004472.7952 01539199.0830 00020671.0227
> 176023 1
H41 -1521612.2376 04412653.1914 05938271.3437 00001496.0771 -0005358.5219 00004467.3041 01535004.2081 00020586.5641
> 176024 1
H41 -1520115.8619 04407155.1281 05942735.9006 00001496.6740 -0005363.0035 00004461.8090 01530826.4002 00020501.3900
> 176025 1
H41 -1518618.8902 04401652.7931 05947194.9603 00001497.2689 -0005367.4802 00004456.3097 01526665.8031 00020415.4955
> 176026 1
H41 -1517121.3247 04396146.1915 05951648.5187 00001497.8618 -0005371.9520 00004450.8063 01522522.5615 00020328.8759
> 176027 1
H41 -1515623.1672 04390635.3283 05956096.5715 00001498.4527 -0005376.4188 00004445.2988 01518396.8212 00020241.5263
> 176028 1
H41 -1514124.4199 04385120.2084 05960539.1149 00001499.0417 -0005380.8806 00004439.7872 01514288.7288 00020153.4420
> 176029 1
H41 -1512625.0846 04379600.8368 05964976.1445 00001499.6286 -0005385.3375 00004434.2714 01510198.4319 00020064.6183
> 176030 1
H41 -1511125.1634 04374077.2185 05969407.6563 00001500.2135 -0005389.7894 00004428.7516 01506126.0792 00019975.0504
> 176031 1
H41 -1509624.6583 04368549.3586 05973833.6463 00001500.7964 -0005394.2364 00004423.2276 01502071.8200 00019884.7336
> 176032 1
H41 -1508123.5712 04363017.2619 05978254.1103 00001501.3773 -0005398.6784 00004417.6996 01498035.8050 00019793.6633
> 176033 1
H41 -1506621.9043 04357480.9336 05982669.0442 00001501.9562 -0005403.1154 00004412.1675 01494018.1853 00019701.8347
> 176034 1
H41 -1505119.6594 04351940.3785 05987078.4439 00001502.5332 -0005407.5474 00004406.6313 01490019.1135 00019609.2434
> 176035 1
H41 -1503616.8386 04346395.6018 05991482.3054 00001503.1081 -0005411.9745 00004401.0910 01486038.7427 00019515.8847
> 176036 1
H41 -1502113.4439 04340846.6084 05995880.6246 00001503.6810 -0005416.3965 00004395.5467 01482077.2271 00019421.7540
> 176037 1
H41 -1500609.4773 04335293.4034 06000273.3974 00001504.2520 -0005420.8136 00004389.9983 01478134.7217 00019326.8469
> 176038 1
H41 -1499104.9407 04329735.9918 06004660.6198 00001504.8209 -0005425.2257 00004384.4458 01474211.3824 00019231.1589
> 176039 1
H41 -1497599.8361 04324174.3786 06009042.2877 00001505.3878 -0005429.6327 00004378.8893 01470307.3663 00019134.6855
> 176040 1
H41 -1496094.1657 04318608.5689 06013418.3970 00001505.9528 -0005434.0348 00004373.3287 01466422.8309 00019037.4224
> 176041 1
H41 -1494587.9313 04313038.5676 06017788.9437 00001506.5157 -0005438.4319 00004367.7641 01462557.9349 00018939.3653
> 176042 1
H41 -1493081.1349 04307464.3798 06022153.9238 00001507.0767 -0005442.8239 00004362.1954 01458712.8377 00018840.5099
> 176043 1
H41 -1491573.7786 04301886.0107 06026513.3332 00001507.6356 -0005447.2109 00004356.6227 01454887.6997 00018740.8519
> 176044 1
H41 -1490065.8644 04296303.4651 06030867.1679 00001508.1926 -0005451.5929 00004351.0460 01451082.6821 00018640.3871
> 176045 1
H41 -1488557.3942 04290716.7482 06035215.4238 00001508.7475 -0005455.9699 00004345.4652 01447297.9469 00018539.1115
> 176046 1
H41 -1487048.3700 04285125.8651 06039558.0970 00001509.3005 -0005460.3418 00004339.8805 01443533.6568 00018437.0210
> 176047 1
H41 -1485538.7939 04279530.8207 06043895.1834 00001509.8515 -0005464.7087 00004334.2917 01439789.9756 00018334.1115
> 176048 1
H41 -1484028.6677 04273931.6202 06048226.6790 00001510.4004 -0005469.0706 00004328.6989 01436067.0676 00018230.3792
> 176049 1
H41 -1482517.9936 04268328.2686 06052552.5798 00001510.9474 -0005473.4274 00004323.1021 01432365.0980 00018125.8202
> 176050 1
H41 -1481006.7736 04262720.7710 06056872.8818 00001511.4924 -0005477.7792 00004317.5013 01428684.2329 00018020.4307
> 176051 1
H41 -1479495.0095 04257109.1325 06061187.5810 00001512.0354 -0005482.1259 00004311.8965 01425024.6390 00017914.2069
> 176052 1
H41 -1477982.7034 04251493.3581 06065496.6734 00001512.5764 -0005486.4675 00004306.2877 01421386.4836 00017807.1453
> 176053 1
H41 -1476469.8574 04245873.4530 06069800.1550 00001513.1154 -0005490.8041 00004300.6749 01417769.9351 00017699.2422
> 176054 1
H41 -1474956.4733 04240249.4222 06074098.0219 00001513.6524 -0005495.1357 00004295.0582 01414175.1623 00017590.4942
> 176055 1
H41 -1473442.5532 04234621.2709 06078390.2701 00001514.1874 -0005499.4621 00004289.4375 01410602.3348 00017480.8979
> 176056 1
H41 -1471928.0991 04228989.0041 06082676.8955 00001514.7205 -0005503.7835 00004283.8128 01407051.6229 00017370.4500
> 176057 1
H41 -1470413.1129 04223352.6269 06086957.8943 00001515.2515 -0005508.0998 00004278.1841 01403523.1974 00017259.1473
> 176058 1
H41 -1468897.5967 04217712.1444 06091233.2625 00001515.7805 -0005512.4110 00004272.5515 01400017.2300 00017146.9866
> 176059 1
H41 -1467381.5525 04212067.5618 06095502.9960 00001516.3076 -0005516.7171 00004266.9150 01396533.8928 00017033.9650
> 176060 1
H41 -1465864.9822 04206418.8842 06099767.0911 00001516.8326 -0005521.0182 00004261.2745 01393073.3586 00016920.0795
> 176061 1
H41 -1464347.8879 04200766.1166 06104025.5436 00001517.3557 -0005525.3141 00004255.6300 01389635.8006 00016805.3274
> 176062 1
H41 -1462830.2715 04195109.2643 06108278.3498 00001517.8768 -0005529.6049 00004249.9816 01386221.3928 00016689.7058
> 176063 1
H41 -1461312.1350 04189448.3322 06112525.5056 00001518.3959 -0005533.8906 00004244.3293 01382830.3096 00016573.2123
> 176064 1
H41 -1459793.4804 04183783.3257 06116767.0071 00001518.9130 -0005538.1713 00004238.6731 01379462.7260 00016455.8443
> 176065 1
H41 -1458274.3097 04178114.2497 06121002.8504 00001519.4281 -0005542.4468 00004233.0129 01376118.8173 00016337.5995
> 176066 1
H41 -1456754.6249 04172441.1094 06125233.0316 00001519.9412 -0005546.7171 00004227.3488 01372798.7594 00016218.4757
> 176067 1
H41 -1455234.4280 04166763.9101 06129457.5468 00001520.4523 -0005550.9824 00004221.6808 01369502.7286 00016098.4708
> 176068 1
H41 -1453713.7210 04161082.6567 06133676.3920 00001520.9614 -0005555.2425 00004216.0090 01366230.9017 00015977.5828
> 176069 1
H41 -1452192.5058 04155397.3546 06137889.5634 00001521.4686 -0005559.4975 00004210.3332 01362983.4557 00015855.8098
> 176070 1
H41 -1450670.7845 04149708.0087 06142097.0571 00001521.9737 -0005563.7474 00004204.6535 01359760.5682 00015733.1501
> 176071 1
H41 -1449148.5590 04144014.6244 06146298.8691 00001522.4769 -0005567.9921 00004198.9699 01356562.4168 00015609.6022
> 176072 1
H41 -1447625.8313 04138317.2067 06150494.9956 00001522.9781 -0005572.2317 00004193.2824 01353389.1797 00015485.1646
> 176073 1
H41 -1446102.6035 04132615.7608 06154685.4327 00001523.4773 -0005576.4661 00004187.5911 01350241.0353 00015359.8362
> 176074 1
H41 -1444578.8774 04126910.2919 06158870.1765 00001523.9745 -0005580.6954 00004181.8959 01347118.1622 00015233.6157
> 176075 1
H41 -1443054.6552 04121200.8051 06163049.2231 00001524.4697 -0005584.9195 00004176.1968 01344020.7391 00015106.5021
> 176076 1
H41 -1441529.9387 04115487.3057 06167222.5688 00001524.9629 -0005589.1385 00004170.4939 01340948.9450 00014978.4948
> 176077 1
H41 -1440004.7300 04109769.7989 06171390.2096 00001525.4542 -0005593.3523 00004164.7871 01337902.9592 00014849.5929
> 176078 1
H41 -1438479.0311 04104048.2897 06175552.1416 00001525.9434 -0005597.5609 00004159.0764 01334882.9609 00014719.7961
> 176079 1
H41 -1436952.8439 04098322.7835 06179708.3611 00001526.4307 -0005601.7643 00004153.3619 01331889.1293 00014589.1040
> 176080 1
H41 -1435426.1704 04092593.2853 06183858.8641 00001526.9160 -0005605.9626 00004147.6435 01328921.6439 00014457.5165
> 176081 1
H41 -1433899.0126 04086859.8004 06188003.6469 00001527.3992 -0005610.1557 00004141.9214 01325980.6841 00014325.0336
> 176082 1
H41 -1432371.3726 04081122.3341 06192142.7056 00001527.8806 -0005614.3436 00004136.1954 01323066.4293 00014191.6556
> 176083 1
H41 -1430843.2522 04075380.8914 06196276.0363 00001528.3599 -0005618.5263 00004130.4655 01320179.0587 00014057.3828
> 176084 1
H41 -1429314.6535 04069635.4777 06200403.6353 00001528.8372 -0005622.7038 00004124.7319 01317318.7516 00013922.2158
> 176085 1
H41 -1427785.5784 04063886.0981 06204525.4988 00001529.3126 -0005626.8761 00004118.9944 01314485.6870 00013786.1554
> 176086 1
H41 -1426256.0290 04058132.7578 06208641.6228 00001529.7859 -0005631.0432 00004113.2531 01311680.0439 00013649.2025
> 176087 1
H41 -1424726.0072 04052375.4621 06212752.0037 00001530.2573 -0005635.2051 00004107.5080 01308902.0009 00013511.3584
> 176088 1
H41 -1423195.5150 04046614.2162 06216856.6376 00001530.7267 -0005639.3618 00004101.7591 01306151.7366 00013372.6244
> 176089 1
H41 -1421664.5544 04040849.0254 06220955.5206 00001531.1942 -0005643.5133 00004096.0064 01303429.4289 00013233.0020
> 176090 1
H41 -1420133.1274 04035079.8948 06225048.6491 00001531.6596 -0005647.6595 00004090.2500 01300735.2558 00013092.4931
> 176091 1
H41 -1418601.2359 04029306.8297 06229136.0193 00001532.1230 -0005651.8006 00004084.4897 01298069.3947 00012951.0997
> 176092 1
H41 -1417068.8819 04023529.8353 06233217.6273 00001532.5845 -0005655.9363 00004078.7257 01295432.0226 00012808.8238
> 176093 1
H41 -1415536.0675 04017748.9169 06237293.4694 00001533.0440 -0005660.0669 00004072.9579 01292823.3160 00012665.6681
> 176094 1
H41 -1414002.7946 04011964.0798 06241363.5417 00001533.5015 -0005664.1922 00004067.1863 01290243.4510 00012521.6350
> 176095 1
H41 -1412469.0651 04006175.3291 06245427.8407 00001533.9570 -0005668.3123 00004061.4109 01287692.6031 00012376.7276
> 176096 1
H41 -1410934.8811 04000382.6703 06249486.3624 00001534.4106 -0005672.4272 00004055.6318 01285170.9471 00012230.9488
> 176097 1
H41 -1409400.2446 03994586.1084 06253539.1031 00001534.8622 -0005676.5368 00004049.8490 01282678.6574 00012084.3019
> 176098 1
H41 -1407865.1575 03988785.6488 06257586.0591 00001535.3117 -0005680.6411 00004044.0624 01280215.9075 00011936.7906
> 176099 1
H41 -1406329.6218 03982981.2967 06261627.2267 00001535.7594 -0005684.7402 00004038.2721 01277782.8702 00011788.4186
> 176100 1
H41 -1404793.6394 03977173.0575 06265662.6020 00001536.2050 -0005688.8340 00004032.4780 01275379.7177 00011639.1900
> 176101 1
H41 -1403257.2125 03971360.9363 06269692.1814 00001536.6486 -0005692.9225 00004026.6802 01273006.6210 00011489.1090
> 176102 1
H41 -1401720.3428 03965544.9385 06273715.9612 00001537.0903 -0005697.0058 00004020.8787 01270663.7506 00011338.1800
> 176103 1
H41 -1400183.0325 03959725.0694 06277733.9376 00001537.5300 -0005701.0838 00004015.0734 01268351.2759 00011186.4079
> 176104 1
H41 -1398645.2835 03953901.3342 06281746.1068 00001537.9677 -0005705.1565 00004009.2645 01266069.3652 00011033.7977
> 176105 1
H41 -1397107.0978 03948073.7383 06285752.4653 00001538.4034 -0005709.2240 00004003.4518 01263818.1862 00010880.3545
> 176106 1
H41 -1395568.4773 03942242.2869 06289753.0092 00001538.8372 -0005713.2861 00003997.6354 01261597.9050 00010726.0839
> 176107 1
H41 -1394029.4240 03936406.9854 06293747.7349 00001539.2690 -0005717.3430 00003991.8154 01259408.6869 00010570.9916
> 176108 1
H41 -1392489.9400 03930567.8390 06297736.6388 00001539.6988 -0005721.3946 00003985.9916 01257250.6959 00010415.0836
> 176109 1
H41 -1390950.0271 03924724.8530 06301719.7170 00001540.1266 -0005725.4409 00003980.1642 01255124.0950 00010258.3661
> 176110 1
H41 -1389409.6874 03918878.0328 06305696.9659 00001540.5525 -0005729.4818 00003974.3330 01253029.0455 00010100.8457
> 176111 1
H41 -1387868.9228 03913027.3837 06309668.3818 00001540.9764 -0005733.5175 00003968.4982 01250965.7077 00009942.5292
> 176112 1
H41 -1386327.7353 03907172.9110 06313633.9611 00001541.3983 -0005737.5478 00003962.6598 01248934.2404 00009783.4235
> 176113 1
H41 -1384786.1269 03901314.6200 06317593.7001 00001541.8182 -0005741.5729 00003956.8176 01246934.8011 00009623.5359
> 176114 1
H41 -1383244.0996 03895452.5160 06321547.5951 00001542.2361 -0005745.5926 00003950.9718 01244967.5456 00009462.8739
> 176115 1
H41 -1381701.6553 03889586.6044 06325495.6425 00001542.6521 -0005749.6070 00003945.1224 01243032.6283 00009301.4455
> 176116 1
H41 -1380158.7960 03883716.8905 06329437.8386 00001543.0661 -0005753.6161 00003939.2692 01241130.2020 00009139.2585
> 176117 1
H41 -1378615.5237 03877843.3797 06333374.1798 00001543.4782 -0005757.6198 00003933.4125 01239260.4178 00008976.3214
> 176118 1
H41 -1377071.8403 03871966.0772 06337304.6624 00001543.8882 -0005761.6182 00003927.5521 01237423.4251 00008812.6427
> 176119 1
H41 -1375527.7479 03866084.9885 06341229.2828 00001544.2963 -0005765.6112 00003921.6881 01235619.3718 00008648.2313
> 176120 1
H41 -1373983.2483 03860200.1189 06345148.0374 00001544.7024 -0005769.5990 00003915.8204 01233848.4036 00008483.0962
> 176121 1
H41 -1372438.3437 03854311.4737 06349060.9225 00001545.1066 -0005773.5813 00003909.9492 01232110.6645 00008317.2469
> 176122 1
H41 -1370893.0358 03848419.0583 06352967.9345 00001545.5088 -0005777.5584 00003904.0743 01230406.2969 00008150.6930
> 176123 1
H41 -1369347.3268 03842522.8781 06356869.0698 00001545.9090 -0005781.5300 00003898.1958 01228735.4407 00007983.4443
> 176124 1
H41 -1367801.2185 03836622.9384 06360764.3248 00001546.3072 -0005785.4963 00003892.3137 01227098.2343 00007815.5110
> 176125 1
H41 -1366254.7130 03830719.2445 06364653.6960 00001546.7035 -0005789.4573 00003886.4280 01225494.8137 00007646.9034
> 176126 1
H41 -1364707.8122 03824811.8019 06368537.1796 00001547.0978 -0005793.4128 00003880.5387 01223925.3129 00007477.6323
> 176127 1
H41 -1363160.5181 03818900.6160 06372414.7721 00001547.4901 -0005797.3630 00003874.6458 01222389.8638 00007307.7085
> 176128 1
H41 -1361612.8327 03812985.6921 06376286.4699 00001547.8805 -0005801.3078 00003868.7493 01220888.5960 00007137.1432
> 176129 1
H41 -1360064.7579 03807067.0356 06380152.2695 00001548.2689 -0005805.2473 00003862.8492 01219421.6369 00006965.9477
> 176130 1
H41 -1358516.2957 03801144.6518 06384012.1672 00001548.6553 -0005809.1813 00003856.9456 01217989.1116 00006794.1338
> 176131 1
H41 -1356967.4480 03795218.5462 06387866.1595 00001549.0397 -0005813.1100 00003851.0384 01216591.1427 00006621.7134
> 176132 1
H41 -1355418.2168 03789288.7242 06391714.2429 00001549.4222 -0005817.0333 00003845.1277 01215227.8506 00006448.6985
> 176133 1
H41 -1353868.6042 03783355.1912 06395556.4137 00001549.8027 -0005820.9512 00003839.2133 01213899.3530 00006275.1015
> 176134 1
H41 -1352318.6120 03777417.9526 06399392.6684 00001550.1813 -0005824.8637 00003833.2955 01212605.7653 00006100.9350
> 176135 1
H41 -1350768.2422 03771477.0137 06403223.0035 00001550.5579 -0005828.7708 00003827.3741 01211347.2003 00005926.2119
> 176136 1
H41 -1349217.4969 03765532.3800 06407047.4153 00001550.9325 -0005832.6724 00003821.4491 01210123.7681 00005750.9453
> 176137 1
H41 -1347666.3778 03759584.0568 06410865.9005 00001551.3052 -0005836.5687 00003815.5206 01208935.5764 00005575.1484
> 176138 1
H41 -1346114.8871 03753632.0498 06414678.4554 00001551.6759 -0005840.4595 00003809.5886 01207782.7298 00005398.8347
> 176139 1
H41 -1344563.0267 03747676.3641 06418485.0766 00001552.0446 -0005844.3450 00003803.6531 01206665.3306 00005222.0181
> 176140 1
H41 -1343010.7985 03741717.0053 06422285.7604 00001552.4114 -0005848.2250 00003797.7140 01205583.4780 00005044.7123
> 176141 1
H41 -1341458.2046 03735753.9788 06426080.5034 00001552.7762 -0005852.0996 00003791.7714 01204537.2686 00004866.9316
> 176142 1
H41 -1339905.2468 03729787.2899 06429869.3021 00001553.1391 -0005855.9687 00003785.8254 01203526.7960 00004688.6903
> 176143 1
H41 -1338351.9271 03723816.9443 06433652.1530 00001553.4999 -0005859.8324 00003779.8758 01202552.1510 00004510.0030
> 176144 1
H41 -1336798.2475 03717842.9472 06437429.0525 00001553.8589 -0005863.6907 00003773.9227 01201613.4214 00004330.8843
> 176145 1
H41 -1335244.2100 03711865.3042 06441199.9972 00001554.2158 -0005867.5435 00003767.9661 01200710.6921 00004151.3493
> 176146 1
H41 -1333689.8165 03705884.0206 06444964.9836 00001554.5708 -0005871.3909 00003762.0061 01199844.0448 00003971.4131
> 176147 1
H41 -1332135.0690 03699899.1020 06448724.0082 00001554.9239 -0005875.2329 00003756.0425 01199013.5584 00003791.0908
> 176148 1
H41 -1330579.9694 03693910.5537 06452477.0675 00001555.2750 -0005879.0693 00003750.0755 01198219.3084 00003610.3981
> 176149 1
H41 -1329024.5197 03687918.3813 06456224.1581 00001555.6241 -0005882.9004 00003744.1051 01197461.3677 00003429.3504
> 176150 1
H41 -1327468.7218 03681922.5901 06459965.2765 00001555.9713 -0005886.7259 00003738.1311 01196739.8054 00003247.9636
> 176151 1
H41 -1325912.5778 03675923.1857 06463700.4192 00001556.3165 -0005890.5460 00003732.1537 01196054.6879 00003066.2536
> 176152 1
H41 -1324356.0896 03669920.1736 06467429.5828 00001556.6597 -0005894.3606 00003726.1729 01195406.0782 00002884.2364
> 176153 1
H41 -1322799.2590 03663913.5591 06471152.7638 00001557.0010 -0005898.1698 00003720.1886 01194794.0361 00002701.9284
> 176154 1
H41 -1321242.0882 03657903.3478 06474869.9588 00001557.3404 -0005901.9735 00003714.2008 01194218.6181 00002519.3457
> 176155 1
H41 -1319684.5790 03651889.5452 06478581.1643 00001557.6777 -0005905.7717 00003708.2097 01193679.8774 00002336.5050
> 176156 1
H41 -1318126.7334 03645872.1567 06482286.3769 00001558.0132 -0005909.5644 00003702.2150 01193177.8640 00002153.4227
> 176157 1
H41 -1316568.5533 03639851.1878 06485985.5932 00001558.3466 -0005913.3516 00003696.2170 01192712.6244 00001970.1156
> 176158 1
H41 -1315010.0407 03633826.6440 06489678.8098 00001558.6781 -0005917.1333 00003690.2156 01192284.2018 00001786.6004
> 176159 1
H41 -1313451.1977 03627798.5308 06493366.0232 00001559.0077 -0005920.9096 00003684.2107 01191892.6361 00001602.8941
> 176160 1
H41 -1311892.0260 03621766.8538 06497047.2301 00001559.3353 -0005924.6803 00003678.2024 01191537.9637 00001419.0135
> 176161 1
H41 -1310332.5277 03615731.6183 06500722.4270 00001559.6610 -0005928.4455 00003672.1908 01191220.2176 00001234.9759
> 176162 1
H41 -1308772.7047 03609692.8299 06504391.6105 00001559.9847 -0005932.2052 00003666.1757 01190939.4274 00001050.7982
> 176163 1
H41 -1307212.5590 03603650.4941 06508054.7772 00001560.3064 -0005935.9594 00003660.1572 01190695.6192 00000866.4978
> 176164 1
H41 -1305652.0925 03597604.6164 06511711.9238 00001560.6262 -0005939.7081 00003654.1354 01190488.8157 00000682.0918
> 176165 1
H41 -1304091.3071 03591555.2023 06515363.0468 00001560.9441 -0005943.4513 00003648.1102 01190319.0362 00000497.5975
> 176166 1
H41 -1302530.2050 03585502.2574 06519008.1430 00001561.2600 -0005947.1889 00003642.0815 01190186.2962 00000313.0323
> 176167 1
H41 -1300968.7878 03579445.7872 06522647.2088 00001561.5739 -0005950.9211 00003636.0496 01190090.6082 00000128.4135
> 176168 1
H41 -1299407.0578 03573385.7971 06526280.2410 00001561.8859 -0005954.6477 00003630.0142 01190031.9808 -0000056.2414
> 176169 1
H41 -1297845.0166 03567322.2928 06529907.2362 00001562.1960 -0005958.3687 00003623.9755 01190010.4194 -0000240.9151
> 176170 1
H41 -1296282.6665 03561255.2797 06533528.1910 00001562.5041 -0005962.0842 00003617.9335 01190025.9256 -0000425.5901
> 176171 1
H41 -1294720.0092 03555184.7634 06537143.1021 00001562.8102 -0005965.7942 00003611.8881 01190078.4978 -0000610.2490
> 176172 1
H41 -1293157.0467 03549110.7494 06540751.9661 00001563.1144 -0005969.4986 00003605.8394 01190168.1307 -0000794.8745
> 176173 1
H41 -1291593.7809 03543033.2433 06544354.7797 00001563.4167 -0005973.1975 00003599.7873 01190294.8156 -0000979.4490
> 176174 1
H41 -1290030.2139 03536952.2506 06547951.5396 00001563.7170 -0005976.8908 00003593.7319 01190458.5403 -0001163.9553
> 176175 1
H41 -1288466.3476 03530867.7768 06551542.2424 00001564.0154 -0005980.5786 00003587.6732 01190659.2891 -0001348.3761
> 176176 1
H41 -1286902.1839 03524779.8276 06555126.8849 00001564.3118 -0005984.2608 00003581.6111 01190897.0428 -0001532.6939
> 176177 1
H41 -1285337.7247 03518688.4084 06558705.4636 00001564.6063 -0005987.9375 00003575.5458 01191171.7788 -0001716.8917
> 176178 1
H41 -1283772.9720 03512593.5249 06562277.9754 00001564.8988 -0005991.6085 00003569.4771 01191483.4709 -0001900.9521
> 176179 1
H41 -1282207.9277 03506495.1826 06565844.4168 00001565.1894 -0005995.2740 00003563.4052 01191832.0897 -0002084.8581
> 176180 1
H41 -1280642.5939 03500393.3870 06569404.7846 00001565.4780 -0005998.9340 00003557.3299 01192217.6021 -0002268.5926
> 176181 1
H41 -1279076.9723 03494288.1437 06572959.0755 00001565.7647 -0006002.5883 00003551.2514 01192639.9717 -0002452.1386
> 176182 1
H41 -1277511.0651 03488179.4584 06576507.2862 00001566.0495 -0006006.2371 00003545.1695 01193099.1588 -0002635.4793
> 176183 1
H41 -1275944.8740 03482067.3365 06580049.4135 00001566.3323 -0006009.8802 00003539.0844 01193595.1201 -0002818.5979
> 176184 1
H41 -1274378.4011 03475951.7836 06583585.4539 00001566.6132 -0006013.5178 00003532.9960 01194127.8091 -0003001.4776
> 176185 1
H41 -1272811.6483 03469832.8055 06587115.4044 00001566.8921 -0006017.1498 00003526.9044 01194697.1759 -0003184.1020
> 176186 1
H41 -1271244.6175 03463710.4075 06590639.2616 00001567.1691 -0006020.7762 00003520.8094 01195303.1673 -0003366.4545
> 176187 1
H41 -1269677.3107 03457584.5954 06594157.0222 00001567.4442 -0006024.3970 00003514.7113 01195945.7269 -0003548.5188
> 176188 1
H41 -1268109.7298 03451455.3746 06597668.6830 00001567.7173 -0006028.0122 00003508.6098 01196624.7947 -0003730.2788
> 176189 1
H41 -1266541.8767 03445322.7509 06601174.2408 00001567.9885 -0006031.6218 00003502.5052 01197340.3080 -0003911.7182
> 176190 1
H41 -1264973.7535 03439186.7298 06604673.6923 00001568.2577 -0006035.2257 00003496.3973 01198092.2003 -0004092.8214
> 176191 1
H41 -1263405.3619 03433047.3169 06608167.0342 00001568.5250 -0006038.8241 00003490.2861 01198880.4023 -0004273.5724
> 176192 1
H41 -1261836.7040 03426904.5178 06611654.2634 00001568.7904 -0006042.4168 00003484.1717 01199704.8415 -0004453.9556
> 176193 1
H41 -1260267.7818 03420758.3382 06615135.3766 00001569.0538 -0006046.0039 00003478.0541 01200565.4422 -0004633.9557
> 176194 1
H41 -1258698.5970 03414608.7836 06618610.3706 00001569.3153 -0006049.5854 00003471.9333 01201462.1255 -0004813.5573
> 176195 1
H41 -1257129.1517 03408455.8596 06622079.2422 00001569.5749 -0006053.1613 00003465.8093 01202394.8098 -0004992.7453
> 176196 1
H41 -1255559.4479 03402299.5720 06625541.9881 00001569.8325 -0006056.7315 00003459.6821 01203363.4101 -0005171.5049
> 176197 1
H41 -1253989.4873 03396139.9263 06628998.6052 00001570.0882 -0006060.2961 00003453.5516 01204367.8386 -0005349.8212
> 176198 1
H41 -1252419.2721 03389976.9280 06632449.0903 00001570.3420 -0006063.8550 00003447.4180 01205408.0046 -0005527.6798
> 176199 1
H41 -1250848.8040 03383810.5830 06635893.4401 00001570.5938 -0006067.4083 00003441.2812 01206483.8145 -0005705.0663
> 176200 1
H41 -1249278.0851 03377640.8968 06639331.6516 00001570.8437 -0006070.9559 00003435.1412 01207595.1716 -0005881.9666
> 176201 1
H41 -1247707.1172 03371467.8750 06642763.7214 00001571.0917 -0006074.4979 00003428.9980 01208741.9767 -0006058.3668
> 176202 1
H41 -1246135.9023 03365291.5233 06646189.6465 00001571.3377 -0006078.0342 00003422.8516 01209924.1277 -0006234.2531
> 176203 1
H41 -1244564.4424 03359111.8473 06649609.4236 00001571.5818 -0006081.5649 00003416.7021 01211141.5197 -0006409.6120
> 176204 1
H41 -1242992.7393 03352928.8527 06653023.0497 00001571.8240 -0006085.0899 00003410.5494 01212394.0451 -0006584.4303
> 176205 1
H41 -1241420.7950 03346742.5451 06656430.5215 00001572.0643 -0006088.6093 00003404.3936 01213681.5938 -0006758.6949
> 176206 1
H41 -1239848.6114 03340552.9302 06659831.8359 00001572.3026 -0006092.1229 00003398.2346 01215004.0530 -0006932.3930
> 176207 1
H41 -1238276.1905 03334360.0137 06663226.9897 00001572.5390 -0006095.6309 00003392.0725 01216361.3073 -0007105.5120
> 176208 1
H41 -1236703.5341 03328163.8011 06666615.9798 00001572.7734 -0006099.1332 00003385.9072 01217753.2389 -0007278.0394
> 176209 1
H41 -1235130.6442 03321964.2982 06669998.8031 00001573.0060 -0006102.6299 00003379.7389 01219179.7274 -0007449.9633
> 176210 1
H41 -1233557.5228 03315761.5107 06673375.4565 00001573.2366 -0006106.1208 00003373.5673 01220640.6501 -0007621.2718
> 176211 1
H41 -1231984.1717 03309555.4441 06676745.9367 00001573.4653 -0006109.6061 00003367.3927 01222135.8820 -0007791.9531
> 176212 1
H41 -1230410.5928 03303346.1042 06680110.2408 00001573.6921 -0006113.0857 00003361.2149 01223665.2956 -0007961.9959
> 176213 1
H41 -1228836.7882 03297133.4967 06683468.3656 00001573.9169 -0006116.5595 00003355.0341 01225228.7612 -0008131.3891
> 176214 1
H41 -1227262.7597 03290917.6272 06686820.3079 00001574.1398 -0006120.0277 00003348.8501 01226826.1471 -0008300.1218
> 176215 1
H41 -1225688.5092 03284698.5015 06690166.0647 00001574.3608 -0006123.4902 00003342.6630 01228457.3190 -0008468.1834
> 176216 1
H41 -1224114.0387 03278476.1251 06693505.6329 00001574.5799 -0006126.9470 00003336.4729 01230122.1408 -0008635.5634
> 176217 1
H41 -1222539.3501 03272250.5038 06696839.0094 00001574.7970 -0006130.3980 00003330.2796 01231820.4744 -0008802.2517
> 176218 1
H41 -1220964.4453 03266021.6434 06700166.1912 00001575.0123 -0006133.8434 00003324.0833 01233552.1795 -0008968.2386
> 176219 1
H41 -1219389.3262 03259789.5494 06703487.1750 00001575.2256 -0006137.2830 00003317.8839 01235317.1138 -0009133.5143
> 176220 1
H41 -1217813.9948 03253554.2276 06706801.9579 00001575.4370 -0006140.7169 00003311.6814 01237115.1333 -0009298.0695
> 176221 1
H41 -1216238.4529 03247315.6837 06710110.5368 00001575.6464 -0006144.1451 00003305.4759 01238946.0921 -0009461.8952
> 176222 1
H41 -1214662.7025 03241073.9235 06713412.9087 00001575.8540 -0006147.5676 00003299.2673 01240809.8423 -0009624.9824
> 176223 1
H41 -1213086.7456 03234828.9525 06716709.0704 00001576.0596 -0006150.9843 00003293.0557 01242706.2344 -0009787.3227
> 176224 1
H41 -1211510.5839 03228580.7765 06719999.0190 00001576.2634 -0006154.3953 00003286.8410 01244635.1173 -0009948.9078
> 176225 1
H41 -1209934.2195 03222329.4014 06723282.7513 00001576.4652 -0006157.8005 00003280.6232 01246596.3381 -0010109.7295
> 176226 1
H41 -1208357.6542 03216074.8326 06726560.2644 00001576.6650 -0006161.2001 00003274.4025 01248589.7424 -0010269.7802
> 176227 1
H41 -1206780.8900 03209817.0761 06729831.5553 00001576.8630 -0006164.5938 00003268.1787 01250615.1741 -0010429.0522
> 176228 1
H41 -1205203.9288 03203556.1374 06733096.6208 00001577.0591 -0006167.9819 00003261.9519 01252672.4758 -0010587.5383
> 176229 1
H41 -1203626.7725 03197292.0224 06736355.4580 00001577.2532 -0006171.3641 00003255.7220 01254761.4885 -0010745.2315
> 176230 1
H41 -1202049.4230 03191024.7368 06739608.0639 00001577.4454 -0006174.7407 00003249.4892 01256882.0521 -0010902.1252
> 176231 1
H41 -1200471.8823 03184754.2863 06742854.4354 00001577.6358 -0006178.1114 00003243.2533 01259034.0048 -0011058.2126
> 176232 1
H41 -1198894.1521 03178480.6767 06746094.5695 00001577.8242 -0006181.4764 00003237.0145 01261217.1837 -0011213.4878
> 176233 1
H41 -1197316.2346 03172203.9136 06749328.4633 00001578.0107 -0006184.8357 00003230.7726 01263431.4248 -0011367.9446
> 176234 1
H41 -1195738.1314 03165924.0029 06752556.1138 00001578.1953 -0006188.1891 00003224.5278 01265676.5627 -0011521.5773
> 176235 1
H41 -1194159.8447 03159640.9502 06755777.5179 00001578.3779 -0006191.5368 00003218.2800 01267952.4309 -0011674.3805
> 176236 1
H41 -1192581.3762 03153354.7615 06758992.6728 00001578.5587 -0006194.8787 00003212.0292 01270258.8620 -0011826.3489
> 176237 1
H41 -1191002.7279 03147065.4423 06762201.5753 00001578.7376 -0006198.2149 00003205.7754 01272595.6873 -0011977.4776
> 176238 1
H41 -1189423.9017 03140772.9984 06765404.2226 00001578.9145 -0006201.5452 00003199.5187 01274962.7374 -0012127.7618
> 176239 1
H41 -1187844.8995 03134477.4357 06768600.6117 00001579.0896 -0006204.8698 00003193.2590 01277359.8418 -0012277.1971
> 176240 1
H41 -1186265.7232 03128178.7598 06771790.7396 00001579.2627 -0006208.1886 00003186.9964 01279786.8292 -0012425.7791
> 176241 1
H41 -1184686.3748 03121876.9766 06774974.6034 00001579.4339 -0006211.5016 00003180.7308 01282243.5274 -0012573.5039
> 176242 1
H41 -1183106.8560 03115572.0918 06778152.2002 00001579.6033 -0006214.8088 00003174.4622 01284729.7635 -0012720.3678
> 176243 1
H41 -1181527.1689 03109264.1113 06781323.5269 00001579.7707 -0006218.1102 00003168.1908 01287245.3637 -0012866.3671
> 176244 1
H41 -1179947.3153 03102953.0406 06784488.5807 00001579.9362 -0006221.4058 00003161.9164 01289790.1538 -0013011.4986
> 176245 1
H41 -1178367.2971 03096638.8858 06787647.3586 00001580.0998 -0006224.6956 00003155.6390 01292363.9585 -0013155.7592
> 176246 1
H41 -1176787.1163 03090321.6524 06790799.8578 00001580.2615 -0006227.9795 00003149.3588 01294966.6025 -0013299.1460
> 176247 1
H41 -1175206.7747 03084001.3464 06793946.0752 00001580.4213 -0006231.2577 00003143.0756 01297597.9094 -0013441.6565
> 176248 1
H41 -1173626.2742 03077677.9735 06797086.0080 00001580.5793 -0006234.5301 00003136.7896 01300257.7027 -0013583.2882
> 176249 1
H41 -1172045.6168 03071351.5395 06800219.6534 00001580.7353 -0006237.7966 00003130.5006 01302945.8051 -0013724.0389
> 176250 1
H41 -1170464.8044 03065022.0502 06803347.0082 00001580.8894 -0006241.0573 00003124.2087 01305662.0391 -0013863.9066
> 176251 1
H41 -1168883.8387 03058689.5113 06806468.0698 00001581.0416 -0006244.3122 00003117.9140 01308406.2267 -0014002.8896
> 176252 1
H41 -1167302.7218 03052353.9288 06809582.8352 00001581.1919 -0006247.5612 00003111.6163 01311178.1897 -0014140.9863
> 176253 1
H41 -1165721.4555 03046015.3084 06812691.3015 00001581.3403 -0006250.8045 00003105.3158 01313977.7495 -0014278.1953
> 176254 1
H41 -1164140.0418 03039673.6559 06815793.4659 00001581.4868 -0006254.0418 00003099.0124 01316804.7273 -0014414.5156
> 176255 1
H41 -1162558.4825 03033328.9771 06818889.3254 00001581.6315 -0006257.2734 00003092.7062 01319658.9440 -0014549.9461
> 176256 1
H41 -1160976.7795 03026981.2779 06821978.8773 00001581.7742 -0006260.4991 00003086.3970 01322540.2203 -0014684.4861
> 176257 1
H41 -1159394.9347 03020630.5640 06825062.1186 00001581.9150 -0006263.7190 00003080.0851 01325448.3771 -0014818.1349
> 176258 1
H41 -1157812.9500 03014276.8412 06828139.0465 00001582.0540 -0006266.9330 00003073.7703 01328383.2346 -0014950.8923
> 176259 1
H41 -1156230.8273 03007920.1155 06831209.6581 00001582.1910 -0006270.1411 00003067.4526 01331344.6136 -0015082.7580
> 176260 1
H41 -1154648.5686 03001560.3926 06834273.9507 00001582.3262 -0006273.3434 00003061.1321 01334332.3344 -0015213.7319
> 176261 1
H41 -1153066.1756 02995197.6784 06837331.9214 00001582.4595 -0006276.5399 00003054.8088 01337346.2174 -0015343.8143
> 176262 1
H41 -1151483.6503 02988831.9786 06840383.5673 00001582.5908 -0006279.7305 00003048.4826 01340386.0832 -0015473.0055
> 176263 1
H41 -1149900.9946 02982463.2992 06843428.8856 00001582.7203 -0006282.9152 00003042.1536 01343451.7525 -0015601.3059
> 176264 1
H41 -1148318.2103 02976091.6459 06846467.8736 00001582.8479 -0006286.0940 00003035.8218 01346543.0458 -0015728.7162
> 176265 1
H41 -1146735.2994 02969717.0246 06849500.5283 00001582.9736 -0006289.2670 00003029.4872 01349659.7840 -0015855.2372
> 176266 1
H41 -1145152.2637 02963339.4412 06852526.8471 00001583.0974 -0006292.4341 00003023.1498 01352801.7883 -0015980.8699
> 176267 1
H41 -1143569.1051 02956958.9014 06855546.8270 00001583.2194 -0006295.5953 00003016.8096 01355968.8797 -0016105.6154
> 176268 1
H41 -1141985.8256 02950575.4112 06858560.4654 00001583.3394 -0006298.7507 00003010.4666 01359160.8799 -0016229.4751
> 176269 1
H41 -1140402.4269 02944188.9764 06861567.7594 00001583.4576 -0006301.9001 00003004.1209 01362377.6105 -0016352.4502
> 176270 1
H41 -1138818.9110 02937799.6029 06864568.7062 00001583.5739 -0006305.0437 00002997.7723 01365618.8936 -0016474.5425
> 176271 1
H41 -1137235.2798 02931407.2965 06867563.3030 00001583.6882 -0006308.1814 00002991.4210 01368884.5515 -0016595.7537
> 176272 1
H41 -1135651.5352 02925012.0630 06870551.5472 00001583.8007 -0006311.3131 00002985.0669 01372174.4071 -0016716.0854
> 176273 1
H41 -1134067.6790 02918613.9084 06873533.4359 00001583.9114 -0006314.4390 00002978.7100 01375488.2834 -0016835.5399
> 176274 1
H41 -1132483.7130 02912212.8385 06876508.9663 00001584.0201 -0006317.5590 00002972.3504 01378826.0040 -0016954.1191
> 176275 1
H41 -1130899.6393 02905808.8591 06879478.1358 00001584.1270 -0006320.6731 00002965.9880 01382187.3928 -0017071.8253
> 176276 1
H41 -1129315.4597 02899401.9763 06882440.9415 00001584.2320 -0006323.7813 00002959.6229 01385572.2742 -0017188.6608
> 176277 1
H41 -1127731.1761 02892992.1957 06885397.3808 00001584.3351 -0006326.8835 00002953.2551 01388980.4732 -0017304.6282
> 176278 1
H41 -1126146.7902 02886579.5234 06888347.4508 00001584.4363 -0006329.9799 00002946.8845 01392411.8152 -0017419.7300
> 176279 1
H41 -1124562.3041 02880163.9651 06891291.1489 00001584.5356 -0006333.0703 00002940.5112 01395866.1261 -0017533.9690
> 176280 1
H41 -1122977.7196 02873745.5269 06894228.4723 00001584.6331 -0006336.1548 00002934.1352 01399343.2324 -0017647.3479
> 176281 1
H41 -1121393.0385 02867324.2145 06897159.4184 00001584.7287 -0006339.2334 00002927.7565 01402842.9613 -0017759.8696
> 176282 1
H41 -1119808.2628 02860900.0339 06900083.9844 00001584.8224 -0006342.3061 00002921.3750 01406365.1402 -0017871.5372
> 176283 1
H41 -1118223.3944 02854472.9909 06903002.1676 00001584.9142 -0006345.3728 00002914.9909 01409909.5977 -0017982.3538
> 176284 1
H41 -1116638.4350 02848043.0915 06905913.9652 00001585.0042 -0006348.4336 00002908.6040 01413476.1625 -0018092.3227
> 176285 1
H41 -1115053.3866 02841610.3415 06908819.3747 00001585.0923 -0006351.4885 00002902.2145 01417064.6642 -0018201.4470
> 176286 1
H41 -1113468.2510 02835174.7469 06911718.3934 00001585.1785 -0006354.5374 00002895.8223 01420674.9332 -0018309.7303
> 176287 1
H41 -1111883.0302 02828736.3136 06914611.0184 00001585.2629 -0006357.5804 00002889.4274 01424306.8002 -0018417.1759
> 176288 1
H41 -1110297.7259 02822295.0474 06917497.2473 00001585.3453 -0006360.6174 00002883.0298 01427960.0971 -0018523.7875
> 176289 1
H41 -1108712.3401 02815850.9543 06920377.0772 00001585.4259 -0006363.6485 00002876.6296 01431634.6560 -0018629.5687
> 176290 1
H41 -1107126.8746 02809404.0403 06923250.5056 00001585.5047 -0006366.6736 00002870.2267 01435330.3102 -0018734.5231
> 176291 1
H41 -1105541.3314 02802954.3111 06926117.5297 00001585.5816 -0006369.6928 00002863.8211 01439046.8935 -0018838.6547
> 176292 1
H41 -1103955.7121 02796501.7728 06928978.1470 00001585.6566 -0006372.7061 00002857.4129 01442784.2406 -0018941.9673
> 176293 1
H41 -1102370.0189 02790046.4312 06931832.3547 00001585.7297 -0006375.7133 00002851.0021 01446542.1867 -0019044.4647
> 176294 1
H41 -1100784.2534 02783588.2924 06934680.1503 00001585.8010 -0006378.7146 00002844.5886 01450320.5682 -0019146.1510
> 176295 1
H41 -1099198.4176 02777127.3621 06937521.5311 00001585.8704 -0006381.7100 00002838.1725 01454119.2221 -0019247.0303
> 176296 1
H41 -1097612.5133 02770663.6464 06940356.4944 00001585.9379 -0006384.6993 00002831.7538 01457937.9861 -0019347.1066
> 176297 1
H41 -1096026.5424 02764197.1512 06943185.0377 00001586.0036 -0006387.6827 00002825.3324 01461776.6989 -0019446.3842
> 176298 1
H41 -1094440.5068 02757727.8824 06946007.1584 00001586.0674 -0006390.6601 00002818.9084 01465635.2002 -0019544.8672
> 176299 1
H41 -1092854.4083 02751255.8460 06948822.8538 00001586.1293 -0006393.6316 00002812.4819 01469513.3301 -0019642.5600
> 176300 1
H41 -1091268.2488 02744781.0478 06951632.1213 00001586.1894 -0006396.5970 00002806.0527 01473410.9300 -0019739.4669
> 176301 1
H41 -1089682.0302 02738303.4940 06954434.9583 00001586.2476 -0006399.5565 00002799.6209 01477327.8420 -0019835.5922
> 176302 1
H41 -1088095.7542 02731823.1903 06957231.3622 00001586.3040 -0006402.5100 00002793.1865 01481263.9089 -0019930.9403
> 176303 1
H41 -1086509.4228 02725340.1428 06960021.3305 00001586.3585 -0006405.4575 00002786.7496 01485218.9748 -0020025.5158
> 176304 1
H41 -1084923.0378 02718854.3574 06962804.8605 00001586.4111 -0006408.3990 00002780.3101 01489192.8844 -0020119.3232
> 176305 1
H41 -1083336.6011 02712365.8401 06965581.9498 00001586.4619 -0006411.3345 00002773.8680 01493185.4834 -0020212.3669
> 176306 1
H41 -1081750.1146 02705874.5967 06968352.5956 00001586.5109 -0006414.2640 00002767.4233 01497196.6184 -0020304.6515
> 176307 1
H41 -1080163.5800 02699380.6334 06971116.7955 00001586.5579 -0006417.1875 00002760.9761 01501226.1369 -0020396.1817
> 176308 1
H41 -1078576.9993 02692883.9561 06973874.5469 00001586.6032 -0006420.1050 00002754.5263 01505273.8873 -0020486.9621
> 176309 1
H41 -1076990.3744 02686384.5706 06976625.8473 00001586.6465 -0006423.0165 00002748.0740 01509339.7191 -0020576.9973
> 176310 1
H41 -1075403.7069 02679882.4831 06979370.6940 00001586.6880 -0006425.9219 00002741.6191 01513423.4826 -0020666.2921
> 176311 1
H41 -1073816.9989 02673377.6994 06982109.0847 00001586.7277 -0006428.8214 00002735.1617 01517525.0291 -0020754.8512
> 176312 1
H41 -1072230.2521 02666870.2255 06984841.0166 00001586.7655 -0006431.7148 00002728.7018 01521644.2107 -0020842.6792
> 176313 1
H41 -1070643.4685 02660360.0675 06987566.4874 00001586.8015 -0006434.6022 00002722.2393 01525780.8806 -0020929.7810
> 176314 1
H41 -1069056.6498 02653847.2313 06990285.4944 00001586.8356 -0006437.4836 00002715.7743 01529934.8931 -0021016.1614
> 176315 1
H41 -1067469.7980 02647331.7229 06992998.0352 00001586.8678 -0006440.3590 00002709.3068 01534106.1032 -0021101.8250
> 176316 1
H41 -1065882.9148 02640813.5483 06995704.1072 00001586.8982 -0006443.2283 00002702.8368 01538294.3669 -0021186.7769
> 176317 1
H41 -1064296.0021 02634292.7134 06998403.7080 00001586.9268 -0006446.0916 00002696.3644 01542499.5413 -0021271.0217
> 176318 1
H41 -1062709.0617 02627769.2243 07001096.8351 00001586.9535 -0006448.9489 00002689.8894 01546721.4844 -0021354.5642
> 176319 1
H41 -1061122.0956 02621243.0870 07003783.4859 00001586.9784 -0006451.8001 00002683.4119 01550960.0552 -0021437.4095
> 176320 1
H41 -1059535.1056 02614714.3074 07006463.6580 00001587.0014 -0006454.6453 00002676.9319 01555215.1136 -0021519.5623
> 176321 1
H41 -1057948.0934 02608182.8916 07009137.3490 00001587.0226 -0006457.4844 00002670.4495 01559486.5206 -0021601.0274
> 176322 1
H41 -1056361.0609 02601648.8455 07011804.5562 00001587.0420 -0006460.3175 00002663.9646 01563774.1380 -0021681.8097
> 176323 1
H41 -1054774.0101 02595112.1752 07014465.2773 00001587.0594 -0006463.1445 00002657.4772 01568077.8288 -0021761.9142
> 176324 1
H41 -1053186.9427 02588572.8867 07017119.5098 00001587.0751 -0006465.9655 00002650.9874 01572397.4568 -0021841.3457
> 176325 1
H41 -1051599.8605 02582030.9860 07019767.2512 00001587.0889 -0006468.7805 00002644.4951 01576732.8868 -0021920.1090
> 176326 1
H41 -1050012.7654 02575486.4791 07022408.4992 00001587.1009 -0006471.5893 00002638.0004 01581083.9848 -0021998.2090
> 176327 1
H41 -1048425.6593 02568939.3720 07025043.2512 00001587.1110 -0006474.3921 00002631.5032 01585450.6174 -0022075.6507
> 176328 1
H41 -1046838.5440 02562389.6707 07027671.5048 00001587.1193 -0006477.1889 00002625.0036 01589832.6525 -0022152.4389
> 176329 1
H41 -1045251.4213 02555837.3814 07030293.2576 00001587.1258 -0006479.9795 00002618.5016 01594229.9589 -0022228.5784
> 176330 1
H41 -1043664.2930 02549282.5099 07032908.5071 00001587.1304 -0006482.7641 00002611.9971 01598642.4063 -0022304.0741
> 176331 1
H41 -1042077.1611 02542725.0623 07035517.2510 00001587.1332 -0006485.5427 00002605.4902 01603069.8654 -0022378.9309
> 176332 1
H41 -1040490.0272 02536165.0447 07038119.4868 00001587.1342 -0006488.3151 00002598.9810 01607512.2079 -0022453.1536
> 176333 1
H41 -1038902.8933 02529602.4630 07040715.2121 00001587.1333 -0006491.0815 00002592.4693 01611969.3065 -0022526.7471
> 176334 1
H41 -1037315.7613 02523037.3234 07043304.4246 00001587.1306 -0006493.8418 00002585.9552 01616441.0349 -0022599.7162
> 176335 1
H41 -1035728.6328 02516469.6318 07045887.1217 00001587.1260 -0006496.5960 00002579.4387 01620927.2676 -0022672.0658
> 176336 1
H41 -1034141.5098 02509899.3944 07048463.3012 00001587.1197 -0006499.3441 00002572.9199 01625427.8803 -0022743.8005
> 176337 1
H41 -1032554.3941 02503326.6170 07051032.9607 00001587.1114 -0006502.0861 00002566.3986 01629942.7495 -0022814.9254
> 176338 1
H41 -1030967.2875 02496751.3059 07053596.0977 00001587.1014 -0006504.8221 00002559.8750 01634471.7528 -0022885.4450
> 176339 1
H41 -1029380.1919 02490173.4670 07056152.7099 00001587.0896 -0006507.5519 00002553.3490 01639014.7685 -0022955.3642
> 176340 1
H41 -1027793.1090 02483593.1064 07058702.7950 00001587.0759 -0006510.2756 00002546.8207 01643571.6762 -0023024.6878
> 176341 1
H41 -1026206.0408 02477010.2301 07061246.3505 00001587.0603 -0006512.9932 00002540.2900 01648142.3562 -0023093.4205
> 176342 1
H41 -1024618.9889 02470424.8442 07063783.3742 00001587.0430 -0006515.7048 00002533.7569 01652726.6899 -0023161.5671
> 176343 1
H41 -1023031.9554 02463836.9548 07066313.8636 00001587.0238 -0006518.4102 00002527.2216 01657324.5596 -0023229.1322
> 176344 1
H41 -1021444.9419 02457246.5679 07068837.8165 00001587.0028 -0006521.1095 00002520.6838 01661935.8486 -0023296.1205
> 176345 1
H41 -1019857.9503 02450653.6896 07071355.2305 00001586.9800 -0006523.8027 00002514.1438 01666560.4409 -0023362.5367
> 176346 1
H41 -1018270.9824 02444058.3259 07073866.1032 00001586.9554 -0006526.4898 00002507.6014 01671198.2218 -0023428.3855
> 176347 1
H41 -1016684.0401 02437460.4830 07076370.4325 00001586.9289 -0006529.1707 00002501.0567 01675849.0773 -0023493.6714
> 176348 1
H41 -1015097.1251 02430860.1668 07078868.2158 00001586.9007 -0006531.8456 00002494.5096 01680512.8944 -0023558.3992
> 176349 1
H41 -1013510.2394 02424257.3835 07081359.4510 00001586.8706 -0006534.5143 00002487.9603 01685189.5610 -0023622.5734
> 176350 1
H41 -1011923.3846 02417652.1392 07083844.1357 00001586.8387 -0006537.1769 00002481.4087 01689878.9659 -0023686.1986
> 176351 1
H41 -1010336.5626 02411044.4399 07086322.2676 00001586.8049 -0006539.8333 00002474.8548 01694580.9989 -0023749.2793
> 176352 1
H41 -1008749.7753 02404434.2917 07088793.8444 00001586.7694 -0006542.4836 00002468.2985 01699295.5507 -0023811.8201
> 176353 1
H41 -1007163.0245 02397821.7007 07091258.8639 00001586.7320 -0006545.1278 00002461.7400 01704022.5128 -0023873.8254
> 176354 1
H41 -1005576.3119 02391206.6729 07093717.3237 00001586.6928 -0006547.7659 00002455.1793 01708761.7778 -0023935.2998
> 176355 1
H41 -1003989.6394 02384589.2145 07096169.2217 00001586.6518 -0006550.3978 00002448.6162 01713513.2389 -0023996.2477
> 176356 1
H41 -1002403.0088 02377969.3316 07098614.5554 00001586.6090 -0006553.0235 00002442.0509 01718276.7906 -0024056.6735
> 176357 1
H41 -1000816.4219 02371347.0303 07101053.3227 00001586.5644 -0006555.6432 00002435.4833 01723052.3279 -0024116.5817
> 176358 1
H41 -0999229.8806 02364722.3165 07103485.5214 00001586.5180 -0006558.2566 00002428.9135 01727839.7469 -0024175.9766
> 176359 1
H41 -0997643.3866 02358095.1966 07105911.1490 00001586.4698 -0006560.8639 00002422.3414 01732638.9445 -0024234.8626
> 176360 1
H41 -0996056.9417 02351465.6765 07108330.2035 00001586.4197 -0006563.4651 00002415.7671 01737449.8186 -0024293.2441
> 176361 1
H41 -0994470.5478 02344833.7623 07110742.6826 00001586.3679 -0006566.0601 00002409.1906 01742272.2678 -0024351.1253
> 176362 1
H41 -0992884.2066 02338199.4602 07113148.5839 00001586.3142 -0006568.6489 00002402.6118 01747106.1916 -0024408.5105
> 176363 1
H41 -0991297.9200 02331562.7763 07115547.9054 00001586.2587 -0006571.2316 00002396.0308 01751951.4906 -0024465.4040
> 176364 1
H41 -0989711.6897 02324923.7167 07117940.6448 00001586.2014 -0006573.8081 00002389.4476 01756808.0658 -0024521.8100
> 176365 1
H41 -0988125.5177 02318282.2875 07120326.7999 00001586.1424 -0006576.3785 00002382.8622 01761675.8195 -0024577.7326
> 176366 1
H41 -0986539.4056 02311638.4948 07122706.3685 00001586.0815 -0006578.9427 00002376.2746 01766554.6545 -0024633.1762
> 176367 1
H41 -0984953.3553 02304992.3447 07125079.3483 00001586.0188 -0006581.5007 00002369.6847 01771444.4747 -0024688.1448
> 176368 1
H41 -0983367.3686 02298343.8434 07127445.7372 00001585.9543 -0006584.0525 00002363.0927 01776345.1846 -0024742.6426
> 176369 1
H41 -0981781.4473 02291692.9969 07129805.5330 00001585.8880 -0006586.5981 00002356.4985 01781256.6897 -0024796.6736
> 176370 1
H41 -0980195.5932 02285039.8115 07132158.7335 00001585.8199 -0006589.1376 00002349.9021 01786178.8964 -0024850.2419
> 176371 1
H41 -0978609.8080 02278384.2932 07134505.3365 00001585.7501 -0006591.6709 00002343.3036 01791111.7115 -0024903.3515
> 176372 1
H41 -0977024.0937 02271726.4482 07136845.3399 00001585.6784 -0006594.1980 00002336.7028 01796055.0431 -0024956.0065
> 176373 1
H41 -0975438.4519 02265066.2826 07139178.7415 00001585.6049 -0006596.7189 00002330.1000 01801008.7998 -0025008.2108
> 176374 1
H41 -0973852.8845 02258403.8025 07141505.5391 00001585.5296 -0006599.2336 00002323.4949 01805972.8912 -0025059.9684
> 176375 1
H41 -0972267.3933 02251739.0141 07143825.7306 00001585.4525 -0006601.7421 00002316.8877 01810947.2274 -0025111.2832
> 176376 1
H41 -0970681.9800 02245071.9235 07146139.3138 00001585.3737 -0006604.2444 00002310.2784 01815931.7196 -0025162.1590
> 176377 1
H41 -0969096.6465 02238402.5369 07148446.2867 00001585.2930 -0006606.7405 00002303.6669 01820926.2796 -0025212.5999
> 176378 1
H41 -0967511.3946 02231730.8604 07150746.6470 00001585.2106 -0006609.2305 00002297.0533 01825930.8200 -0025262.6095
> 176379 1
H41 -0965926.2260 02225056.9001 07153040.3926 00001585.1263 -0006611.7142 00002290.4376 01830945.2543 -0025312.1917
> 176380 1
H41 -0964341.1425 02218380.6623 07155327.5214 00001585.0403 -0006614.1917 00002283.8197 01835969.4966 -0025361.3503
> 176381 1
H41 -0962756.1460 02211702.1530 07157608.0314 00001584.9525 -0006616.6630 00002277.1998 01841003.4618 -0025410.0890
> 176382 1
H41 -0961171.2382 02205021.3784 07159881.9203 00001584.8629 -0006619.1281 00002270.5777 01846047.0656 -0025458.4116
> 176383 1
H41 -0959586.4208 02198338.3447 07162149.1861 00001584.7715 -0006621.5869 00002263.9536 01851100.2244 -0025506.3217
> 176384 1
H41 -0958001.6958 02191653.0580 07164409.8267 00001584.6783 -0006624.0396 00002257.3273 01856162.8553 -0025553.8230
> 176385 1
H41 -0956417.0648 02184965.5245 07166663.8400 00001584.5833 -0006626.4860 00002250.6989 01861234.8763 -0025600.9191
> 176386 1
H41 -0954832.5297 02178275.7504 07168911.2239 00001584.4866 -0006628.9262 00002244.0685 01866316.2059 -0025647.6136
> 176387 1
H41 -0953248.0923 02171583.7418 07171151.9763 00001584.3880 -0006631.3602 00002237.4360 01871406.7635 -0025693.9102
> 176388 1
H41 -0951663.7543 02164889.5049 07173386.0952 00001584.2877 -0006633.7879 00002230.8014 01876506.4692 -0025739.8123
> 176389 1
H41 -0950079.5174 02158193.0458 07175613.5785 00001584.1856 -0006636.2095 00002224.1648 01881615.2437 -0025785.3236
> 176390 1
H41 -0948495.3836 02151494.3708 07177834.4241 00001584.0818 -0006638.6247 00002217.5261 01886733.0085 -0025830.4473
> 176391 1
H41 -0946911.3545 02144793.4860 07180048.6300 00001583.9761 -0006641.0338 00002210.8854 01891859.6857 -0025875.1871
> 176392 1
H41 -0945327.4320 02138090.3976 07182256.1942 00001583.8687 -0006643.4366 00002204.2426 01896995.1984 -0025919.5464
> 176393 1
H41 -0943743.6178 02131385.1118 07184457.1145 00001583.7594 -0006645.8332 00002197.5977 01902139.4699 -0025963.5285
> 176394 1
H41 -0942159.9137 02124677.6347 07186651.3889 00001583.6485 -0006648.2235 00002190.9509 01907292.4246 -0026007.1368
> 176395 1
H41 -0940576.3215 02117967.9726 07188839.0155 00001583.5357 -0006650.6076 00002184.3020 01912453.9873 -0026050.3747
> 176396 1
H41 -0938992.8429 02111256.1316 07191019.9922 00001583.4212 -0006652.9854 00002177.6511 01917624.0837 -0026093.2455
> 176397 1
H41 -0937409.4797 02104542.1179 07193194.3170 00001583.3048 -0006655.3570 00002170.9981 01922802.6400 -0026135.7525
> 176398 1
H41 -0935826.2338 02097825.9377 07195361.9878 00001583.1868 -0006657.7224 00002164.3432 01927989.5831 -0026177.8990
> 176399 1
H41 -0934243.1068 02091107.5973 07197523.0027 00001583.0669 -0006660.0814 00002157.6863 01933184.8406 -0026219.6881
> 176400 1
H41 -0932660.1005 02084387.1027 07199677.3597 00001582.9453 -0006662.4343 00002151.0273 01938388.3407 -0026261.1231
> 176401 1
H41 -0931077.2168 02077664.4603 07201825.0567 00001582.8219 -0006664.7808 00002144.3664 01943600.0123 -0026302.2072
> 176402 1
H41 -0929494.4573 02070939.6761 07203966.0919 00001582.6967 -0006667.1211 00002137.7035 01948819.7848 -0026342.9435
> 176403 1
H41 -0927911.8239 02064212.7564 07206100.4631 00001582.5698 -0006669.4551 00002131.0386 01954047.5884 -0026383.3351
> 176404 1
H41 -0926329.3183 02057483.7075 07208228.1684 00001582.4411 -0006671.7829 00002124.3718 01959283.3538 -0026423.3852
> 176405 1
H41 -0924746.9423 02050752.5354 07210349.2060 00001582.3107 -0006674.1044 00002117.7029 01964527.0125 -0026463.0967
> 176406 1
H41 -0923164.6976 02044019.2465 07212463.5737 00001582.1784 -0006676.4196 00002111.0322 01969778.4964 -0026502.4728
> 176407 1
H41 -0921582.5860 02037283.8470 07214571.2696 00001582.0444 -0006678.7286 00002104.3594 01975037.7381 -0026541.5165
> 176408 1
H41 -0920000.6093 02030546.3430 07216672.2919 00001581.9087 -0006681.0312 00002097.6848 01980304.6708 -0026580.2306
> 176409 1
H41 -0918418.7692 02023806.7407 07218766.6385 00001581.7712 -0006683.3276 00002091.0081 01985579.2283 -0026618.6183
> 176410 1
H41 -0916837.0675 02017065.0464 07220854.3075 00001581.6319 -0006685.6177 00002084.3296 01990861.3450 -0026656.6824
> 176411 1
H41 -0915255.5060 02010321.2664 07222935.2971 00001581.4909 -0006687.9015 00002077.6491 01996150.9559 -0026694.4258
> 176412 1
H41 -0913674.0863 02003575.4068 07225009.6051 00001581.3481 -0006690.1791 00002070.9667 02001447.9966 -0026731.8515
> 176413 1
H41 -0912092.8103 01996827.4738 07227077.2298 00001581.2036 -0006692.4503 00002064.2824 02006752.4032 -0026768.9622
> 176414 1
H41 -0910511.6798 01990077.4737 07229138.1693 00001581.0573 -0006694.7153 00002057.5962 02012064.1124 -0026805.7607
> 176415 1
H41 -0908930.6964 01983325.4128 07231192.4215 00001580.9092 -0006696.9739 00002050.9080 02017383.0616 -0026842.2500
> 176416 1
H41 -0907349.8620 01976571.2971 07233239.9847 00001580.7594 -0006699.2263 00002044.2180 02022709.1885 -0026878.4328
> 176417 1
H41 -0905769.1782 01969815.1331 07235280.8569 00001580.6078 -0006701.4723 00002037.5261 02028042.4316 -0026914.3118
> 176418 1
H41 -0904188.6468 01963056.9269 07237315.0362 00001580.4545 -0006703.7121 00002030.8323 02033382.7299 -0026949.8897
> 176419 1
H41 -0902608.2697 01956296.6847 07239342.5208 00001580.2995 -0006705.9455 00002024.1366 02038730.0227 -0026985.1693
> 176420 1
H41 -0901028.0485 01949534.4128 07241363.3088 00001580.1427 -0006708.1727 00002017.4390 02044084.2503 -0027020.1531
> 176421 1
H41 -0899447.9850 01942770.1175 07243377.3983 00001579.9841 -0006710.3935 00002010.7396 02049445.3531 -0027054.8440
> 176422 1
H41 -0897868.0809 01936003.8049 07245384.7874 00001579.8238 -0006712.6081 00002004.0383 02054813.2722 -0027089.2444
> 176423 1
H41 -0896288.3379 01929235.4813 07247385.4743 00001579.6617 -0006714.8163 00001997.3352 02060187.9494 -0027123.3571
> 176424 1
H41 -0894708.7579 01922465.1531 07249379.4572 00001579.4979 -0006717.0182 00001990.6302 02065569.3268 -0027157.1845
> 176425 1
H41 -0893129.3426 01915692.8263 07251366.7342 00001579.3324 -0006719.2138 00001983.9234 02070957.3470 -0027190.7292
> 176426 1
H41 -0891550.0937 01908918.5073 07253347.3034 00001579.1651 -0006721.4030 00001977.2147 02076351.9532 -0027223.9938
> 176427 1
H41 -0889971.0130 01902142.2024 07255321.1630 00001578.9961 -0006723.5860 00001970.5042 02081753.0892 -0027256.9807
> 176428 1
H41 -0888392.1021 01895363.9178 07257288.3113 00001578.8253 -0006725.7626 00001963.7919 02087160.6991 -0027289.6925
> 176429 1
H41 -0886813.3629 01888583.6597 07259248.7463 00001578.6528 -0006727.9329 00001957.0778 02092574.7276 -0027322.1315
> 176430 1
H41 -0885234.7971 01881801.4344 07261202.4663 00001578.4786 -0006730.0968 00001950.3619 02097995.1200 -0027354.3003
> 176431 1
H41 -0883656.4063 01875017.2481 07263149.4694 00001578.3026 -0006732.2545 00001943.6441 02103421.8219 -0027386.2012
> 176432 1
H41 -0882078.1925 01868231.1073 07265089.7540 00001578.1249 -0006734.4058 00001936.9246 02108854.7794 -0027417.8366
> 176433 1
H41 -0880500.1572 01861443.0180 07267023.3180 00001577.9454 -0006736.5507 00001930.2033 02114293.9392 -0027449.2089
> 176434 1
H41 -0878922.3022 01854652.9866 07268950.1599 00001577.7642 -0006738.6893 00001923.4801 02119739.2485 -0027480.3204
> 176435 1
H41 -0877344.6293 01847861.0193 07270870.2777 00001577.5813 -0006740.8216 00001916.7552 02125190.6548 -0027511.1735
> 176436 1
H41 -0875767.1402 01841067.1225 07272783.6698 00001577.3966 -0006742.9475 00001910.0286 02130648.1061 -0027541.7704
> 176437 1
H41 -0874189.8366 01834271.3023 07274690.3343 00001577.2102 -0006745.0671 00001903.3001 02136111.5510 -0027572.1134
> 176438 1
H41 -0872612.7203 01827473.5651 07276590.2695 00001577.0221 -0006747.1804 00001896.5699 02141580.9384 -0027602.2048
> 176439 1
H41 -0871035.7929 01820673.9172 07278483.4736 00001576.8323 -0006749.2873 00001889.8380 02147056.2178 -0027632.0468
> 176440 1
H41 -0869459.0563 01813872.3648 07280369.9449 00001576.6407 -0006751.3878 00001883.1043 02152537.3390 -0027661.6416
> 176441 1
H41 -0867882.5121 01807068.9142 07282249.6816 00001576.4474 -0006753.4820 00001876.3689 02158024.2523 -0027690.9914
> 176442 1
H41 -0866306.1621 01800263.5718 07284122.6820 00001576.2524 -0006755.5698 00001869.6317 02163516.9085 -0027720.0984
> 176443 1
H41 -0864730.0079 01793456.3437 07285988.9444 00001576.0556 -0006757.6513 00001862.8928 02169015.2588 -0027748.9647
> 176444 1
H41 -0863154.0514 01786647.2363 07287848.4670 00001575.8571 -0006759.7264 00001856.1521 02174519.2548 -0027777.5924
> 176445 1
H41 -0861578.2942 01779836.2558 07289701.2481 00001575.6569 -0006761.7952 00001849.4098 02180028.8485 -0027805.9837
> 176446 1
H41 -0860002.7381 01773023.4086 07291547.2860 00001575.4550 -0006763.8576 00001842.6657 02185543.9924 -0027834.1405
> 176447 1
H41 -0858427.3847 01766208.7010 07293386.5790 00001575.2514 -0006765.9136 00001835.9200 02191064.6394 -0027862.0651
> 176448 1
H41 -0856852.2358 01759392.1393 07295219.1254 00001575.0460 -0006767.9632 00001829.1725 02196590.7428 -0027889.7594
> 176449 1
H41 -0855277.2932 01752573.7296 07297044.9234 00001574.8390 -0006770.0065 00001822.4234 02202122.2563 -0027917.2255
> 176450 1
H41 -0853702.5585 01745753.4785 07298863.9715 00001574.6302 -0006772.0434 00001815.6725 02207659.1339 -0027944.4653
> 176451 1
H41 -0852128.0335 01738931.3921 07300676.2679 00001574.4196 -0006774.0739 00001808.9200 02213201.3303 -0027971.4809
> 176452 1
H41 -0850553.7198 01732107.4767 07302481.8110 00001574.2074 -0006776.0981 00001802.1658 02218748.8003 -0027998.2742
> 176453 1
H41 -0848979.6192 01725281.7388 07304280.5990 00001573.9935 -0006778.1159 00001795.4100 02224301.4993 -0028024.8471
> 176454 1
H41 -0847405.7334 01718454.1845 07306072.6303 00001573.7778 -0006780.1272 00001788.6524 02229859.3829 -0028051.2017
> 176455 1
H41 -0845832.0641 01711624.8202 07307857.9033 00001573.5605 -0006782.1322 00001781.8933 02235422.4073 -0028077.3397
> 176456 1
H41 -0844258.6130 01704793.6522 07309636.4163 00001573.3414 -0006784.1309 00001775.1324 02240990.5288 -0028103.2631
> 176457 1
H41 -0842685.3819 01697960.6868 07311408.1676 00001573.1206 -0006786.1231 00001768.3700 02246563.7044 -0028128.9738
> 176458 1
H41 -0841112.3724 01691125.9304 07313173.1557 00001572.8981 -0006788.1089 00001761.6059 02252141.8913 -0028154.4735
> 176459 1
H41 -0839539.5862 01684289.3892 07314931.3789 00001572.6739 -0006790.0884 00001754.8401 02257725.0471 -0028179.7643
> 176460 1
H41 -0837967.0251 01677451.0696 07316682.8355 00001572.4480 -0006792.0614 00001748.0728 02263313.1297 -0028204.8477
> 176461 1
H41 -0836394.6907 01670610.9779 07318427.5239 00001572.2204 -0006794.0281 00001741.3038 02268906.0975 -0028229.7257
> 176462 1
H41 -0834822.5848 01663769.1204 07320165.4426 00001571.9911 -0006795.9883 00001734.5332 02274503.9091 -0028254.4001
> 176463 1
H41 -0833250.7091 01656925.5034 07321896.5899 00001571.7601 -0006797.9422 00001727.7611 02280106.5237 -0028278.8726
> 176464 1
H41 -0831679.0652 01650080.1333 07323620.9642 00001571.5274 -0006799.8896 00001720.9873 02285713.9006 -0028303.1449
> 176465 1
H41 -0830107.6549 01643233.0165 07325338.5639 00001571.2930 -0006801.8307 00001714.2119 02291325.9996 -0028327.2188
> 176466 1
H41 -0828536.4799 01636384.1591 07327049.3874 00001571.0568 -0006803.7653 00001707.4349 02296942.7807 -0028351.0959
> 176467 1
H41 -0826965.5418 01629533.5677 07328753.4332 00001570.8190 -0006805.6935 00001700.6564 02302564.2045 -0028374.7781
> 176468 1
H41 -0825394.8424 01622681.2484 07330450.6997 00001570.5795 -0006807.6153 00001693.8763 02308190.2316 -0028398.2669
> 176469 1
H41 -0823824.3833 01615827.2077 07332141.1853 00001570.3383 -0006809.5307 00001687.0946 02313820.8233 -0028421.5640
> 176470 1
H41 -0822254.1663 01608971.4518 07333824.8884 00001570.0954 -0006811.4397 00001680.3114 02319455.9410 -0028444.6711
> 176471 1
H41 -0820684.1931 01602113.9872 07335501.8075 00001569.8508 -0006813.3423 00001673.5266 02325095.5464 -0028467.5898
> 176472 1
H41 -0819114.4652 01595254.8201 07337171.9410 00001569.6045 -0006815.2384 00001666.7402 02330739.6018 -0028490.3217
> 176473 1
H41 -0817544.9845 01588393.9570 07338835.2875 00001569.3566 -0006817.1282 00001659.9523 02336388.0694 -0028512.8684
> 176474 1
H41 -0815975.7526 01581531.4040 07340491.8452 00001569.1069 -0006819.0115 00001653.1629 02342040.9121 -0028535.2315
> 176475 1
H41 -0814406.7713 01574667.1677 07342141.6128 00001568.8556 -0006820.8883 00001646.3720 02347698.0930 -0028557.4125
> 176476 1
H41 -0812838.0421 01567801.2544 07343784.5887 00001568.6025 -0006822.7588 00001639.5795 02353359.5754 -0028579.4131
> 176477 1
H41 -0811269.5668 01560933.6703 07345420.7713 00001568.3478 -0006824.6228 00001632.7855 02359025.3231 -0028601.2346
> 176478 1
H41 -0809701.3471 01554064.4219 07347050.1592 00001568.0914 -0006826.4804 00001625.9900 02364695.3000 -0028622.8788
> 176479 1
H41 -0808133.3846 01547193.5156 07348672.7508 00001567.8333 -0006828.3315 00001619.1930 02370369.4706 -0028644.3470
> 176480 1
H41 -0806565.6811 01540320.9576 07350288.5447 00001567.5735 -0006830.1763 00001612.3945 02376047.7992 -0028665.6407
> 176481 1
H41 -0804998.2382 01533446.7543 07351897.5394 00001567.3120 -0006832.0145 00001605.5945 02381730.2511 -0028686.7615
> 176482 1
H41 -0803431.0576 01526570.9121 07353499.7333 00001567.0489 -0006833.8464 00001598.7930 02387416.7912 -0028707.7107
> 176483 1
H41 -0801864.1410 01519693.4373 07355095.1249 00001566.7841 -0006835.6718 00001591.9901 02393107.3851 -0028728.4899
> 176484 1
H41 -0800297.4900 01512814.3364 07356683.7129 00001566.5176 -0006837.4907 00001585.1857 02398801.9987 -0028749.1005
> 176485 1
H41 -0798731.1064 01505933.6156 07358265.4957 00001566.2494 -0006839.3032 00001578.3798 02404500.5980 -0028769.5438
> 176486 1
H41 -0797164.9918 01499051.2814 07359840.4719 00001565.9795 -0006841.1093 00001571.5724 02410203.1494 -0028789.8213
> 176487 1
H41 -0795599.1478 01492167.3401 07361408.6401 00001565.7080 -0006842.9089 00001564.7636 02415909.6195 -0028809.9344
> 176488 1
H41 -0794033.5763 01485281.7981 07362969.9986 00001565.4348 -0006844.7021 00001557.9533 02421619.9752 -0028829.8845
> 176489 1
H41 -0792468.2787 01478394.6617 07364524.5462 00001565.1600 -0006846.4888 00001551.1416 02427334.1838 -0028849.6728
> 176490 1
H41 -0790903.2569 01471505.9374 07366072.2814 00001564.8834 -0006848.2690 00001544.3285 02433052.2128 -0028869.3009
> 176491 1
H41 -0789338.5125 01464615.6315 07367613.2028 00001564.6052 -0006850.0428 00001537.5139 02438774.0299 -0028888.7699
> 176492 1
H41 -0787774.0471 01457723.7504 07369147.3088 00001564.3253 -0006851.8102 00001530.6980 02444499.6031 -0028908.0813
> 176493 1
H41 -0786209.8624 01450830.3004 07370674.5982 00001564.0438 -0006853.5710 00001523.8806 02450228.9008 -0028927.2362
> 176494 1
H41 -0784645.9601 01443935.2880 07372195.0694 00001563.7605 -0006855.3254 00001517.0617 02455961.8913 -0028946.2361
> 176495 1
H41 -0783082.3419 01437038.7196 07373708.7212 00001563.4757 -0006857.0734 00001510.2415 02461698.5437 -0028965.0823
> 176496 1
H41 -0781519.0093 01430140.6014 07375215.5520 00001563.1891 -0006858.8149 00001503.4199 02467438.8269 -0028983.7759
> 176497 1
H41 -0779955.9642 01423240.9399 07376715.5606 00001562.9009 -0006860.5499 00001496.5969 02473182.7103 -0029002.3182
> 176498 1
H41 -0778393.2080 01416339.7416 07378208.7454 00001562.6110 -0006862.2784 00001489.7725 02478930.1634 -0029020.7106
> 176499 1
H41 -0776830.7426 01409437.0127 07379695.1052 00001562.3195 -0006864.0005 00001482.9468 02484681.1561 -0029038.9541
> 176500 1
H41 -0775268.5696 01402532.7596 07381174.6385 00001562.0263 -0006865.7161 00001476.1196 02490435.6585 -0029057.0501
> 176501 1
H41 -0773706.6905 01395626.9889 07382647.3440 00001561.7315 -0006867.4252 00001469.2911 02496193.6408 -0029074.9998
> 176502 1
H41 -0772145.1071 01388719.7068 07384113.2203 00001561.4350 -0006869.1279 00001462.4613 02501955.0736 -0029092.8043
> 176503 1
H41 -0770583.8211 01381810.9197 07385572.2661 00001561.1368 -0006870.8240 00001455.6301 02507719.9278 -0029110.4649
> 176504 1
H41 -0769022.8340 01374900.6341 07387024.4800 00001560.8370 -0006872.5137 00001448.7975 02513488.1744 -0029127.9827
> 176505 1
H41 -0767462.1476 01367988.8564 07388469.8606 00001560.5355 -0006874.1969 00001441.9636 02519259.7847 -0029145.3588
> 176506 1
H41 -0765901.7635 01361075.5928 07389908.4067 00001560.2324 -0006875.8736 00001435.1284 02525034.7301 -0029162.5945
> 176507 1
H41 -0764341.6833 01354160.8500 07391340.1169 00001559.9277 -0006877.5438 00001428.2918 02530812.9825 -0029179.6909
> 176508 1
H41 -0762781.9087 01347244.6342 07392764.9899 00001559.6212 -0006879.2076 00001421.4539 02536594.5137 -0029196.6490
> 176509 1
H41 -0761222.4414 01340326.9518 07394183.0244 00001559.3132 -0006880.8648 00001414.6147 02542379.2961 -0029213.4701
> 176510 1
H41 -0759663.2830 01333407.8094 07395594.2189 00001559.0035 -0006882.5156 00001407.7742 02548167.3020 -0029230.1552
> 176511 1
H41 -0758104.4350 01326487.2132 07396998.5724 00001558.6921 -0006884.1598 00001400.9324 02553958.5041 -0029246.7055
> 176512 1
H41 -0756545.8993 01319565.1697 07398396.0833 00001558.3791 -0006885.7976 00001394.0893 02559752.8753 -0029263.1219
> 176513 1
H41 -0754987.6774 01312641.6853 07399786.7506 00001558.0644 -0006887.4289 00001387.2449 02565550.3886 -0029279.4056
> 176514 1
H41 -0753429.7710 01305716.7664 07401170.5728 00001557.7482 -0006889.0536 00001380.3992 02571351.0173 -0029295.5577
> 176515 1
H41 -0751872.1816 01298790.4194 07402547.5486 00001557.4302 -0006890.6719 00001373.5523 02577154.7351 -0029311.5792
> 176516 1
H41 -0750314.9111 01291862.6508 07403917.6769 00001557.1107 -0006892.2837 00001366.7041 02582961.5155 -0029327.4711
> 176517 1
H41 -0748757.9609 01284933.4669 07405280.9563 00001556.7894 -0006893.8889 00001359.8546 02588771.3326 -0029343.2345
> 176518 1
H41 -0747201.3327 01278002.8743 07406637.3856 00001556.4666 -0006895.4877 00001353.0038 02594584.1604 -0029358.8704
> 176519 1
H41 -0745645.0282 01271070.8792 07407986.9636 00001556.1421 -0006897.0799 00001346.1518 02600399.9735 -0029374.3798
> 176520 1
H41 -0744089.0490 01264137.4882 07409329.6889 00001555.8160 -0006898.6657 00001339.2986 02606218.7462 -0029389.7638
> 176521 1
H41 -0742533.3968 01257202.7076 07410665.5604 00001555.4882 -0006900.2449 00001332.4441 02612040.4534 -0029405.0233
> 176522 1
H41 -0740978.0731 01250266.5439 07411994.5767 00001555.1589 -0006901.8176 00001325.5884 02617865.0700 -0029420.1592
> 176523 1
H41 -0739423.0796 01243329.0035 07413316.7367 00001554.8279 -0006903.3838 00001318.7315 02623692.5713 -0029435.1727
> 176524 1
H41 -0737868.4179 01236390.0928 07414632.0392 00001554.4952 -0006904.9435 00001311.8733 02629522.9324 -0029450.0646
> 176525 1
H41 -0736314.0897 01229449.8183 07415940.4829 00001554.1609 -0006906.4966 00001305.0139 02635356.1291 -0029464.8359
> 176526 1
H41 -0734760.0966 01222508.1864 07417242.0667 00001553.8250 -0006908.0433 00001298.1533 02641192.1370 -0029479.4875
> 176527 1
H41 -0733206.4402 01215565.2035 07418536.7892 00001553.4875 -0006909.5834 00001291.2916 02647030.9321 -0029494.0205
> 176528 1
H41 -0731653.1221 01208620.8761 07419824.6494 00001553.1484 -0006911.1170 00001284.4286 02652872.4905 -0029508.4356
> 176529 1
H41 -0730100.1440 01201675.2105 07421105.6460 00001552.8076 -0006912.6441 00001277.5644 02658716.7886 -0029522.7339
> 176530 1
H41 -0728547.5075 01194728.2134 07422379.7778 00001552.4652 -0006914.1646 00001270.6991 02664563.8027 -0029536.9162
> 176531 1
H41 -0726995.2141 01187779.8909 07423647.0437 00001552.1212 -0006915.6786 00001263.8326 02670413.5095 -0029550.9834
> 176532 1
H41 -0725443.2657 01180830.2498 07424907.4425 00001551.7755 -0006917.1861 00001256.9649 02676265.8861 -0029564.9365
> 176533 1
H41 -0723891.6636 01173879.2962 07426160.9731 00001551.4283 -0006918.6871 00001250.0960 02682120.9093 -0029578.7764
> 176534 1
H41 -0722340.4096 01166927.0368 07427407.6342 00001551.0794 -0006920.1815 00001243.2260 02687978.5563 -0029592.5038
> 176535 1
H41 -0720789.5054 01159973.4779 07428647.4247 00001550.7289 -0006921.6694 00001236.3548 02693838.8047 -0029606.1197
> 176536 1
H41 -0719238.9524 01153018.6260 07429880.3435 00001550.3768 -0006923.1507 00001229.4825 02699701.6320 -0029619.6249
> 176537 1
H41 -0717688.7523 01146062.4876 07431106.3894 00001550.0231 -0006924.6256 00001222.6091 02705567.0158 -0029633.0203
> 176538 1
H41 -0716138.9067 01139105.0690 07432325.5613 00001549.6678 -0006926.0938 00001215.7345 02711434.9341 -0029646.3067
> 176539 1
H41 -0714589.4173 01132146.3768 07433537.8580 00001549.3108 -0006927.5556 00001208.8588 02717305.3650 -0029659.4850
> 176540 1
H41 -0713040.2856 01125186.4174 07434743.2785 00001548.9523 -0006929.0107 00001201.9820 02723178.2868 -0029672.5560
> 176541 1
H41 -0711491.5133 01118225.1973 07435941.8217 00001548.5921 -0006930.4594 00001195.1041 02729053.6778 -0029685.5204
> 176542 1
H41 -0709943.1019 01111262.7228 07437133.4863 00001548.2303 -0006931.9015 00001188.2251 02734931.5166 -0029698.3792
> 176543 1
H41 -0708395.0531 01104299.0005 07438318.2714 00001547.8670 -0006933.3370 00001181.3449 02740811.7821 -0029711.1331
> 176544 1
H41 -0706847.3685 01097334.0368 07439496.1758 00001547.5020 -0006934.7660 00001174.4637 02746694.4530 -0029723.7829
> 176545 1
H41 -0705300.0497 01090367.8382 07440667.1985 00001547.1354 -0006936.1885 00001167.5814 02752579.5085 -0029736.3295
> 176546 1
H41 -0703753.0982 01083400.4111 07441831.3382 00001546.7672 -0006937.6044 00001160.6980 02758466.9277 -0029748.7735
> 176547 1
H41 -0702206.5158 01076431.7620 07442988.5941 00001546.3974 -0006939.0137 00001153.8135 02764356.6902 -0029761.1157
> 176548 1
H41 -0700660.3039 01069461.8974 07444138.9649 00001546.0261 -0006940.4165 00001146.9280 02770248.7753 -0029773.3570
> 176549 1
H41 -0699114.4642 01062490.8237 07445282.4497 00001545.6531 -0006941.8127 00001140.0414 02776143.1628 -0029785.4980
> 176550 1
H41 -0697568.9982 01055518.5474 07446419.0474 00001545.2785 -0006943.2024 00001133.1538 02782039.8326 -0029797.5396
> 176551 1
H41 -0696023.9077 01048545.0750 07447548.7569 00001544.9023 -0006944.5855 00001126.2651 02787938.7646 -0029809.4825
> 176552 1
H41 -0694479.1941 01041570.4128 07448671.5772 00001544.5246 -0006945.9621 00001119.3753 02793839.9389 -0029821.3274
> 176553 1
H41 -0692934.8591 01034594.5675 07449787.5072 00001544.1452 -0006947.3321 00001112.4846 02799743.3360 -0029833.0750
> 176554 1
H41 -0691390.9042 01027617.5455 07450896.5460 00001543.7642 -0006948.6955 00001105.5928 02805648.9362 -0029844.7261
> 176555 1
H41 -0689847.3311 01020639.3531 07451998.6924 00001543.3817 -0006950.0523 00001098.6999 02811556.7201 -0029856.2814
> 176556 1
H41 -0688304.1414 01013659.9970 07453093.9455 00001542.9976 -0006951.4026 00001091.8061 02817466.6685 -0029867.7416
> 176557 1
H41 -0686761.3365 01006679.4836 07454182.3042 00001542.6119 -0006952.7463 00001084.9112 02823378.7621 -0029879.1073
> 176558 1
H41 -0685218.9182 00999697.8194 07455263.7676 00001542.2245 -0006954.0835 00001078.0154 02829292.9821 -0029890.3794
> 176559 1
H41 -0683676.8880 00992715.0108 07456338.3347 00001541.8357 -0006955.4141 00001071.1185 02835209.3096 -0029901.5585
> 176560 1
H41 -0682135.2474 00985731.0643 07457406.0044 00001541.4452 -0006956.7381 00001064.2207 02841127.7259 -0029912.6452
