##接收机参考位置（LLH）108.503 0 1000
##接收机参考位置（ECEF）-2024446.6215 6049380.5254 0
##initialTime     174700
##endTime         175460
##obsTimeLength   761
##数据格式：satx saty satz satvx satvy satvz rangeObs dopplerObs
##rangeObs = range + receiverClcError
##dopplerObs = doppler + receiverClcDriftError
##信号类型为:3-2, 频率为:1520000000赫兹
##观测卫星个数：1
##end of head
> 174700 1
H41 -2268463.5761 06681764.1620 -2694063.7015 -0000793.4768 00002745.6932 00006772.1779 02778034.3007 00029775.9638
> 174701 1
H41 -2269255.8302 06684222.2791 -2687290.2786 -0000791.0316 00002739.7101 00006774.6669 02772097.8576 00029762.6123
> 174702 1
H41 -2270045.6392 06686674.3640 -2680514.3698 -0000788.5865 00002733.7241 00006777.1496 02766163.6558 00029749.1541
> 174703 1
H41 -2270833.0033 06689120.4140 -2673735.9815 -0000786.1416 00002727.7352 00006779.6260 02760231.7154 00029735.5882
> 174704 1
H41 -2271617.9225 06691560.4266 -2666955.1199 -0000783.6969 00002721.7434 00006782.0962 02754302.0566 00029721.9140
> 174705 1
H41 -2272400.3971 06693994.3992 -2660171.7913 -0000781.2523 00002715.7487 00006784.5600 02748374.6998 00029708.1307
> 174706 1
H41 -2273180.4272 06696422.3292 -2653386.0019 -0000778.8079 00002709.7510 00006787.0176 02742449.6655 00029694.2374
> 174707 1
H41 -2273958.0129 06698844.2140 -2646597.7581 -0000776.3636 00002703.7505 00006789.4690 02736526.9744 00029680.2332
> 174708 1
H41 -2274733.1545 06701260.0509 -2639807.0661 -0000773.9196 00002697.7471 00006791.9140 02730606.6474 00029666.1174
> 174709 1
H41 -2275505.8521 06703669.8376 -2633013.9321 -0000771.4757 00002691.7409 00006794.3528 02724688.7054 00029651.8892
> 174710 1
H41 -2276276.1059 06706073.5712 -2626218.3626 -0000769.0319 00002685.7317 00006796.7853 02718773.1697 00029637.5476
> 174711 1
H41 -2277043.9160 06708471.2494 -2619420.3637 -0000766.5884 00002679.7197 00006799.2115 02712860.0615 00029623.0918
> 174712 1
H41 -2277809.2827 06710862.8694 -2612619.9418 -0000764.1450 00002673.7048 00006801.6314 02706949.4024 00029608.5210
> 174713 1
H41 -2278572.2061 06713248.4289 -2605817.1031 -0000761.7018 00002667.6870 00006804.0450 02701041.2140 00029593.8343
> 174714 1
H41 -2279332.6863 06715627.9251 -2599011.8539 -0000759.2588 00002661.6664 00006806.4523 02695135.5182 00029579.0308
> 174715 1
H41 -2280090.7237 06718001.3557 -2592204.2006 -0000756.8159 00002655.6430 00006808.8533 02689232.3370 00029564.1095
> 174716 1
H41 -2280846.3183 06720368.7180 -2585394.1495 -0000754.3733 00002649.6167 00006811.2480 02683331.6926 00029549.0697
> 174717 1
H41 -2281599.4703 06722730.0094 -2578581.7067 -0000751.9308 00002643.5876 00006813.6364 02677433.6072 00029533.9104
> 174718 1
H41 -2282350.1800 06725085.2276 -2571766.8787 -0000749.4886 00002637.5556 00006816.0186 02671538.1035 00029518.6307
> 174719 1
H41 -2283098.4476 06727434.3699 -2564949.6717 -0000747.0465 00002631.5208 00006818.3944 02665645.2041 00029503.2297
> 174720 1
H41 -2283844.2732 06729777.4338 -2558130.0920 -0000744.6047 00002625.4832 00006820.7639 02659754.9320 00029487.7063
> 174721 1
H41 -2284587.6570 06732114.4169 -2551308.1460 -0000742.1630 00002619.4428 00006823.1271 02653867.3101 00029472.0598
> 174722 1
H41 -2285328.5993 06734445.3166 -2544483.8400 -0000739.7216 00002613.3996 00006825.4840 02647982.3618 00029456.2891
> 174723 1
H41 -2286067.1002 06736770.1304 -2537657.1802 -0000737.2803 00002607.3536 00006827.8345 02642100.1105 00029440.3933
> 174724 1
H41 -2286803.1600 06739088.8558 -2530828.1731 -0000734.8393 00002601.3047 00006830.1788 02636220.5797 00029424.3714
> 174725 1
H41 -2287536.7788 06741401.4904 -2523996.8248 -0000732.3985 00002595.2531 00006832.5167 02630343.7933 00029408.2225
> 174726 1
H41 -2288267.9570 06743708.0316 -2517163.1417 -0000729.9579 00002589.1987 00006834.8483 02624469.7753 00029391.9454
> 174727 1
H41 -2288996.6946 06746008.4770 -2510327.1302 -0000727.5175 00002583.1415 00006837.1736 02618598.5499 00029375.5394
> 174728 1
H41 -2289722.9920 06748302.8241 -2503488.7966 -0000725.0773 00002577.0816 00006839.4926 02612730.1414 00029359.0032
> 174729 1
H41 -2290446.8493 06750591.0705 -2496648.1472 -0000722.6374 00002571.0189 00006841.8052 02606864.5745 00029342.3360
> 174730 1
H41 -2291168.2668 06752873.2136 -2489805.1882 -0000720.1976 00002564.9534 00006844.1115 02601001.8738 00029325.5366
> 174731 1
H41 -2291887.2447 06755149.2510 -2482959.9262 -0000717.7581 00002558.8851 00006846.4115 02595142.0644 00029308.6041
> 174732 1
H41 -2292603.7831 06757419.1803 -2476112.3673 -0000715.3189 00002552.8142 00006848.7052 02589285.1715 00029291.5374
> 174733 1
H41 -2293317.8825 06759682.9991 -2469262.5179 -0000712.8798 00002546.7404 00006850.9925 02583431.2203 00029274.3355
> 174734 1
H41 -2294029.5429 06761940.7048 -2462410.3844 -0000710.4411 00002540.6640 00006853.2735 02577580.2366 00029256.9972
> 174735 1
H41 -2294738.7647 06764192.2951 -2455555.9731 -0000708.0025 00002534.5847 00006855.5481 02571732.2460 00029239.5215
> 174736 1
H41 -2295445.5480 06766437.7676 -2448699.2903 -0000705.5642 00002528.5028 00006857.8164 02565887.2746 00029221.9073
> 174737 1
H41 -2296149.8931 06768677.1197 -2441840.3424 -0000703.1261 00002522.4182 00006860.0784 02560045.3486 00029204.1536
> 174738 1
H41 -2296851.8003 06770910.3492 -2434979.1357 -0000700.6883 00002516.3308 00006862.3340 02554206.4944 00029186.2591
> 174739 1
H41 -2297551.2698 06773137.4535 -2428115.6766 -0000698.2507 00002510.2407 00006864.5832 02548370.7387 00029168.2228
> 174740 1
H41 -2298248.3018 06775358.4304 -2421249.9714 -0000695.8134 00002504.1479 00006866.8261 02542538.1083 00029150.0435
> 174741 1
H41 -2298942.8967 06777573.2773 -2414382.0264 -0000693.3763 00002498.0524 00006869.0627 02536708.6302 00029131.7202
> 174742 1
H41 -2299635.0546 06779781.9919 -2407511.8481 -0000690.9395 00002491.9542 00006871.2929 02530882.3318 00029113.2516
> 174743 1
H41 -2300324.7758 06781984.5718 -2400639.4428 -0000688.5030 00002485.8534 00006873.5167 02525059.2406 00029094.6365
> 174744 1
H41 -2301012.0606 06784181.0147 -2393764.8168 -0000686.0667 00002479.7498 00006875.7342 02519239.3843 00029075.8738
> 174745 1
H41 -2301696.9092 06786371.3181 -2386887.9765 -0000683.6306 00002473.6436 00006877.9453 02513422.7910 00029056.9624
> 174746 1
H41 -2302379.3220 06788555.4796 -2380008.9282 -0000681.1949 00002467.5347 00006880.1501 02507609.4888 00029037.9009
> 174747 1
H41 -2303059.2991 06790733.4970 -2373127.6784 -0000678.7594 00002461.4231 00006882.3485 02501799.5062 00029018.6883
> 174748 1
H41 -2303736.8409 06792905.3679 -2366244.2333 -0000676.3242 00002455.3089 00006884.5405 02495992.8718 00028999.3232
> 174749 1
H41 -2304411.9475 06795071.0899 -2359358.5994 -0000673.8892 00002449.1920 00006886.7262 02490189.6146 00028979.8044
> 174750 1
H41 -2305084.6194 06797230.6606 -2352470.7830 -0000671.4546 00002443.0725 00006888.9055 02484389.7637 00028960.1308
> 174751 1
H41 -2305754.8568 06799384.0777 -2345580.7905 -0000669.0202 00002436.9504 00006891.0784 02478593.3485 00028940.3009
> 174752 1
H41 -2306422.6599 06801531.3390 -2338688.6283 -0000666.5861 00002430.8256 00006893.2450 02472800.3986 00028920.3136
> 174753 1
H41 -2307088.0290 06803672.4419 -2331794.3027 -0000664.1523 00002424.6981 00006895.4052 02467010.9441 00028900.1675
> 174754 1
H41 -2307750.9645 06805807.3843 -2324897.8201 -0000661.7187 00002418.5681 00006897.5589 02461225.0149 00028879.8614
> 174755 1
H41 -2308411.4666 06807936.1639 -2317999.1869 -0000659.2855 00002412.4354 00006899.7064 02455442.6415 00028859.3939
> 174756 1
H41 -2309069.5355 06810058.7782 -2311098.4095 -0000656.8525 00002406.3001 00006901.8474 02449663.8546 00028838.7637
> 174757 1
H41 -2309725.1717 06812175.2250 -2304195.4943 -0000654.4199 00002400.1622 00006903.9820 02443888.6850 00028817.9696
> 174758 1
H41 -2310378.3754 06814285.5020 -2297290.4476 -0000651.9875 00002394.0217 00006906.1103 02438117.1639 00028797.0100
> 174759 1
H41 -2311029.1469 06816389.6069 -2290383.2758 -0000649.5555 00002387.8787 00006908.2322 02432349.3228 00028775.8837
> 174760 1
H41 -2311677.4865 06818487.5374 -2283473.9854 -0000647.1237 00002381.7330 00006910.3476 02426585.1933 00028754.5893
> 174761 1
H41 -2312323.3944 06820579.2912 -2276562.5826 -0000644.6923 00002375.5847 00006912.4567 02420824.8075 00028733.1254
> 174762 1
H41 -2312966.8711 06822664.8661 -2269649.0740 -0000642.2611 00002369.4339 00006914.5594 02415068.1975 00028711.4905
> 174763 1
H41 -2313607.9168 06824744.2597 -2262733.4659 -0000639.8303 00002363.2805 00006916.6557 02409315.3958 00028689.6834
> 174764 1
H41 -2314246.5319 06826817.4698 -2255815.7647 -0000637.3998 00002357.1245 00006918.7456 02403566.4354 00028667.7024
> 174765 1
H41 -2314882.7165 06828884.4942 -2248895.9768 -0000634.9696 00002350.9660 00006920.8291 02397821.3491 00028645.5463
> 174766 1
H41 -2315516.4712 06830945.3306 -2241974.1086 -0000632.5397 00002344.8049 00006922.9062 02392080.1704 00028623.2134
> 174767 1
H41 -2316147.7961 06832999.9766 -2235050.1665 -0000630.1102 00002338.6412 00006924.9769 02386342.9329 00028600.7024
> 174768 1
H41 -2316776.6916 06835048.4302 -2228124.1569 -0000627.6809 00002332.4750 00006927.0412 02380609.6705 00028578.0117
> 174769 1
H41 -2317403.1581 06837090.6891 -2221196.0862 -0000625.2520 00002326.3063 00006929.0991 02374880.4175 00028555.1399
> 174770 1
H41 -2318027.1958 06839126.7509 -2214265.9608 -0000622.8234 00002320.1351 00006931.1506 02369155.2084 00028532.0854
> 174771 1
H41 -2318648.8051 06841156.6136 -2207333.7872 -0000620.3952 00002313.9613 00006933.1956 02363434.0779 00028508.8467
> 174772 1
H41 -2319267.9863 06843180.2748 -2200399.5717 -0000617.9673 00002307.7850 00006935.2343 02357717.0611 00028485.4222
> 174773 1
H41 -2319884.7397 06845197.7324 -2193463.3208 -0000615.5397 00002301.6062 00006937.2665 02352004.1935 00028461.8103
> 174774 1
H41 -2320499.0658 06847208.9841 -2186525.0408 -0000613.1125 00002295.4249 00006939.2923 02346295.5108 00028438.0096
> 174775 1
H41 -2321110.9648 06849214.0278 -2179584.7383 -0000610.6856 00002289.2411 00006941.3117 02340591.0490 00028414.0183
> 174776 1
H41 -2321720.4371 06851212.8612 -2172642.4196 -0000608.2590 00002283.0547 00006943.3247 02334890.8444 00028389.8349
> 174777 1
H41 -2322327.4830 06853205.4822 -2165698.0911 -0000605.8328 00002276.8659 00006945.3312 02329194.9337 00028365.4577
> 174778 1
H41 -2322932.1028 06855191.8885 -2158751.7592 -0000603.4070 00002270.6746 00006947.3314 02323503.3539 00028340.8851
> 174779 1
H41 -2323534.2970 06857172.0781 -2151803.4305 -0000600.9814 00002264.4809 00006949.3251 02317816.1422 00028316.1154
> 174780 1
H41 -2324134.0658 06859146.0486 -2144853.1113 -0000598.5563 00002258.2846 00006951.3123 02312133.3363 00028291.1470
> 174781 1
H41 -2324731.4097 06861113.7980 -2137900.8080 -0000596.1315 00002252.0859 00006953.2932 02306454.9741 00028265.9781
> 174782 1
H41 -2325326.3289 06863075.3240 -2130946.5271 -0000593.7071 00002245.8848 00006955.2676 02300781.0938 00028240.6070
> 174783 1
H41 -2325918.8239 06865030.6246 -2123990.2750 -0000591.2830 00002239.6811 00006957.2356 02295111.7342 00028215.0320
> 174784 1
H41 -2326508.8950 06866979.6976 -2117032.0581 -0000588.8593 00002233.4750 00006959.1971 02289446.9340 00028189.2514
> 174785 1
H41 -2327096.5426 06868922.5408 -2110071.8829 -0000586.4359 00002227.2665 00006961.1522 02283786.7327 00028163.2634
> 174786 1
H41 -2327681.7671 06870859.1520 -2103109.7558 -0000584.0130 00002221.0556 00006963.1009 02278131.1699 00028137.0662
> 174787 1
H41 -2328264.5687 06872789.5292 -2096145.6833 -0000581.5904 00002214.8422 00006965.0431 02272480.2855 00028110.6579
> 174788 1
H41 -2328844.9479 06874713.6703 -2089179.6718 -0000579.1681 00002208.6264 00006966.9789 02266834.1198 00028084.0369
> 174789 1
H41 -2329422.9051 06876631.5730 -2082211.7278 -0000576.7463 00002202.4081 00006968.9082 02261192.7137 00028057.2012
> 174790 1
H41 -2329998.4406 06878543.2353 -2075241.8576 -0000574.3248 00002196.1875 00006970.8311 02255556.1080 00028030.1490
> 174791 1
H41 -2330571.5549 06880448.6551 -2068270.0677 -0000571.9037 00002189.9644 00006972.7475 02249924.3443 00028002.8785
> 174792 1
H41 -2331142.2482 06882347.8302 -2061296.3647 -0000569.4830 00002183.7390 00006974.6575 02244297.4643 00027975.3876
> 174793 1
H41 -2331710.5211 06884240.7586 -2054320.7549 -0000567.0627 00002177.5111 00006976.5611 02238675.5101 00027947.6746
> 174794 1
H41 -2332276.3738 06886127.4382 -2047343.2447 -0000564.6428 00002171.2809 00006978.4581 02233058.5244 00027919.7374
> 174795 1
H41 -2332839.8068 06888007.8669 -2040363.8407 -0000562.2233 00002165.0482 00006980.3488 02227446.5499 00027891.5743
> 174796 1
H41 -2333400.8205 06889882.0425 -2033382.5493 -0000559.8041 00002158.8132 00006982.2329 02221839.6300 00027863.1830
> 174797 1
H41 -2333959.4152 06891749.9631 -2026399.3770 -0000557.3854 00002152.5758 00006984.1107 02216237.8084 00027834.5618
> 174798 1
H41 -2334515.5914 06893611.6265 -2019414.3302 -0000554.9670 00002146.3361 00006985.9819 02210641.1290 00027805.7085
> 174799 1
H41 -2335069.3494 06895467.0307 -2012427.4154 -0000552.5491 00002140.0940 00006987.8467 02205049.6364 00027776.6212
> 174800 1
H41 -2335620.6898 06897316.1737 -2005438.6390 -0000550.1316 00002133.8495 00006989.7050 02199463.3754 00027747.2979
> 174801 1
H41 -2336169.6127 06899159.0533 -1998448.0075 -0000547.7145 00002127.6027 00006991.5569 02193882.3912 00027717.7363
> 174802 1
H41 -2336716.1188 06900995.6675 -1991455.5274 -0000545.2977 00002121.3535 00006993.4023 02188306.7296 00027687.9345
> 174803 1
H41 -2337260.2083 06902826.0144 -1984461.2051 -0000542.8814 00002115.1020 00006995.2412 02182736.4365 00027657.8904
> 174804 1
H41 -2337801.8818 06904650.0918 -1977465.0471 -0000540.4655 00002108.8482 00006997.0737 02177171.5585 00027627.6018
> 174805 1
H41 -2338341.1396 06906467.8977 -1970467.0599 -0000538.0501 00002102.5921 00006998.8996 02171612.1424 00027597.0665
> 174806 1
H41 -2338877.9821 06908279.4301 -1963467.2500 -0000535.6350 00002096.3336 00007000.7191 02166058.2356 00027566.2824
> 174807 1
H41 -2339412.4098 06910084.6869 -1956465.6238 -0000533.2204 00002090.0728 00007002.5322 02160509.8858 00027535.2474
> 174808 1
H41 -2339944.4230 06911883.6663 -1949462.1878 -0000530.8062 00002083.8097 00007004.3387 02154967.1412 00027503.9592
> 174809 1
H41 -2340474.0223 06913676.3661 -1942456.9485 -0000528.3924 00002077.5443 00007006.1388 02149430.0504 00027472.4155
> 174810 1
H41 -2341001.2080 06915462.7843 -1935449.9124 -0000525.9791 00002071.2766 00007007.9324 02143898.6624 00027440.6141
> 174811 1
H41 -2341525.9806 06917242.9191 -1928441.0859 -0000523.5662 00002065.0066 00007009.7195 02138373.0267 00027408.5527
> 174812 1
H41 -2342048.3405 06919016.7682 -1921430.4756 -0000521.1537 00002058.7344 00007011.5001 02132853.1933 00027376.2291
> 174813 1
H41 -2342568.2881 06920784.3299 -1914418.0878 -0000518.7416 00002052.4598 00007013.2743 02127339.2126 00027343.6409
> 174814 1
H41 -2343085.8239 06922545.6021 -1907403.9292 -0000516.3300 00002046.1830 00007015.0419 02121831.1354 00027310.7857
> 174815 1
H41 -2343600.9483 06924300.5829 -1900388.0061 -0000513.9189 00002039.9039 00007016.8031 02116329.0130 00027277.6613
> 174816 1
H41 -2344113.6618 06926049.2702 -1893370.3252 -0000511.5082 00002033.6226 00007018.5578 02110832.8971 00027244.2651
> 174817 1
H41 -2344623.9649 06927791.6621 -1886350.8928 -0000509.0979 00002027.3390 00007020.3059 02105342.8401 00027210.5948
> 174818 1
H41 -2345131.8578 06929527.7567 -1879329.7155 -0000506.6881 00002021.0531 00007022.0476 02099858.8946 00027176.6480
> 174819 1
H41 -2345637.3412 06931257.5520 -1872306.7997 -0000504.2787 00002014.7650 00007023.7828 02094381.1139 00027142.4221
> 174820 1
H41 -2346140.4155 06932981.0461 -1865282.1520 -0000501.8698 00002008.4747 00007025.5115 02088909.5516 00027107.9148
> 174821 1
H41 -2346641.0810 06934698.2370 -1858255.7788 -0000499.4614 00002002.1822 00007027.2337 02083444.2619 00027073.1234
> 174822 1
H41 -2347139.3384 06936409.1228 -1851227.6868 -0000497.0534 00001995.8874 00007028.9494 02077985.2995 00027038.0456
> 174823 1
H41 -2347635.1880 06938113.7016 -1844197.8822 -0000494.6459 00001989.5904 00007030.6586 02072532.7195 00027002.6786
> 174824 1
H41 -2348128.6303 06939811.9714 -1837166.3717 -0000492.2388 00001983.2912 00007032.3613 02067086.5776 00026967.0199
> 174825 1
H41 -2348619.6658 06941503.9304 -1830133.1618 -0000489.8322 00001976.9897 00007034.0575 02061646.9300 00026931.0670
> 174826 1
H41 -2349108.2949 06943189.5767 -1823098.2590 -0000487.4261 00001970.6861 00007035.7471 02056213.8333 00026894.8171
> 174827 1
H41 -2349594.5182 06944868.9083 -1816061.6697 -0000485.0205 00001964.3803 00007037.4303 02050787.3449 00026858.2677
> 174828 1
H41 -2350078.3360 06946541.9233 -1809023.4005 -0000482.6153 00001958.0723 00007039.1070 02045367.5223 00026821.4160
> 174829 1
H41 -2350559.7489 06948208.6199 -1801983.4579 -0000480.2106 00001951.7621 00007040.7771 02039954.4239 00026784.2593
> 174830 1
H41 -2351038.7573 06949868.9961 -1794941.8485 -0000477.8064 00001945.4498 00007042.4408 02034548.1084 00026746.7950
> 174831 1
H41 -2351515.3618 06951523.0501 -1787898.5786 -0000475.4026 00001939.1352 00007044.0979 02029148.6353 00026709.0202
> 174832 1
H41 -2351989.5628 06953170.7801 -1780853.6549 -0000472.9994 00001932.8185 00007045.7485 02023756.0643 00026670.9322
> 174833 1
H41 -2352461.3607 06954812.1841 -1773807.0838 -0000470.5966 00001926.4997 00007047.3926 02018370.4559 00026632.5281
> 174834 1
H41 -2352930.7562 06956447.2603 -1766758.8719 -0000468.1944 00001920.1786 00007049.0301 02012991.8712 00026593.8052
> 174835 1
H41 -2353397.7496 06958076.0069 -1759709.0257 -0000465.7926 00001913.8555 00007050.6612 02007620.3715 00026554.7605
> 174836 1
H41 -2353862.3415 06959698.4219 -1752657.5517 -0000463.3913 00001907.5302 00007052.2857 02002256.0191 00026515.3912
> 174837 1
H41 -2354324.5324 06961314.5036 -1745604.4565 -0000460.9905 00001901.2028 00007053.9037 01996898.8766 00026475.6943
> 174838 1
H41 -2354784.3227 06962924.2502 -1738549.7465 -0000458.5902 00001894.8732 00007055.5152 01991549.0072 00026435.6670
> 174839 1
H41 -2355241.7130 06964527.6596 -1731493.4283 -0000456.1904 00001888.5415 00007057.1201 01986206.4749 00026395.3061
> 174840 1
H41 -2355696.7037 06966124.7303 -1724435.5084 -0000453.7912 00001882.2077 00007058.7186 01980871.3440 00026354.6089
> 174841 1
H41 -2356149.2955 06967715.4603 -1717375.9934 -0000451.3924 00001875.8718 00007060.3104 01975543.6795 00026313.5721
> 174842 1
H41 -2356599.4887 06969299.8478 -1710314.8897 -0000448.9941 00001869.5338 00007061.8958 01970223.5471 00026272.1928
> 174843 1
H41 -2357047.2839 06970877.8911 -1703252.2039 -0000446.5964 00001863.1937 00007063.4746 01964911.0129 00026230.4679
> 174844 1
H41 -2357492.6816 06972449.5882 -1696187.9426 -0000444.1991 00001856.8515 00007065.0469 01959606.1438 00026188.3943
> 174845 1
H41 -2357935.6823 06974014.9375 -1689122.1123 -0000441.8024 00001850.5072 00007066.6127 01954309.0073 00026145.9688
> 174846 1
H41 -2358376.2866 06975573.9371 -1682054.7194 -0000439.4062 00001844.1608 00007068.1719 01949019.6714 00026103.1883
> 174847 1
H41 -2358814.4950 06977126.5853 -1674985.7706 -0000437.0106 00001837.8123 00007069.7246 01943738.2048 00026060.0496
> 174848 1
H41 -2359250.3079 06978672.8802 -1667915.2724 -0000434.6154 00001831.4618 00007071.2707 01938464.6768 00026016.5494
> 174849 1
H41 -2359683.7259 06980212.8202 -1660843.2313 -0000432.2208 00001825.1092 00007072.8103 01933199.1573 00025972.6845
> 174850 1
H41 -2360114.7496 06981746.4034 -1653769.6539 -0000429.8267 00001818.7546 00007074.3434 01927941.7171 00025928.4517
> 174851 1
H41 -2360543.3795 06983273.6280 -1646694.5467 -0000427.4331 00001812.3979 00007075.8699 01922692.4272 00025883.8476
> 174852 1
H41 -2360969.6161 06984794.4924 -1639617.9162 -0000425.0401 00001806.0392 00007077.3899 01917451.3597 00025838.8689
> 174853 1
H41 -2361393.4599 06986308.9948 -1632539.7691 -0000422.6476 00001799.6784 00007078.9033 01912218.5872 00025793.5122
> 174854 1
H41 -2361814.9115 06987817.1334 -1625460.1118 -0000420.2557 00001793.3156 00007080.4102 01906994.1827 00025747.7741
> 174855 1
H41 -2362233.9714 06989318.9065 -1618378.9509 -0000417.8642 00001786.9507 00007081.9105 01901778.2203 00025701.6512
> 174856 1
H41 -2362650.6401 06990814.3124 -1611296.2929 -0000415.4734 00001780.5839 00007083.4043 01896570.7746 00025655.1401
> 174857 1
H41 -2363064.9183 06992303.3493 -1604212.1445 -0000413.0831 00001774.2150 00007084.8915 01891371.9208 00025608.2373
> 174858 1
H41 -2363476.8064 06993786.0155 -1597126.5121 -0000410.6933 00001767.8441 00007086.3722 01886181.7348 00025560.9392
> 174859 1
H41 -2363886.3051 06995262.3093 -1590039.4023 -0000408.3041 00001761.4713 00007087.8463 01881000.2934 00025513.2423
> 174860 1
H41 -2364293.4148 06996732.2291 -1582950.8217 -0000405.9154 00001755.0964 00007089.3139 01875827.6740 00025465.1430
> 174861 1
H41 -2364698.1361 06998195.7731 -1575860.7768 -0000403.5273 00001748.7195 00007090.7749 01870663.9546 00025416.6378
> 174862 1
H41 -2365100.4696 06999652.9395 -1568769.2741 -0000401.1398 00001742.3407 00007092.2293 01865509.2139 00025367.7229
> 174863 1
H41 -2365500.4158 07001103.7269 -1561676.3203 -0000398.7528 00001735.9599 00007093.6772 01860363.5316 00025318.3948
> 174864 1
H41 -2365897.9753 07002548.1333 -1554581.9219 -0000396.3664 00001729.5771 00007095.1185 01855226.9878 00025268.6498
> 174865 1
H41 -2366293.1487 07003986.1572 -1547486.0855 -0000393.9805 00001723.1923 00007096.5533 01850099.6636 00025218.4841
> 174866 1
H41 -2366685.9365 07005417.7969 -1540388.8176 -0000391.5952 00001716.8056 00007097.9814 01844981.6406 00025167.8939
> 174867 1
H41 -2367076.3393 07006843.0508 -1533290.1248 -0000389.2105 00001710.4169 00007099.4031 01839873.0014 00025116.8755
> 174868 1
H41 -2367464.3577 07008261.9171 -1526190.0137 -0000386.8263 00001704.0263 00007100.8181 01834773.8291 00025065.4251
> 174869 1
H41 -2367849.9922 07009674.3942 -1519088.4907 -0000384.4428 00001697.6337 00007102.2266 01829684.2077 00025013.5389
> 174870 1
H41 -2368233.2434 07011080.4805 -1511985.5626 -0000382.0598 00001691.2392 00007103.6285 01824604.2220 00024961.2128
> 174871 1
H41 -2368614.1120 07012480.1743 -1504881.2359 -0000379.6774 00001684.8427 00007105.0239 01819533.9575 00024908.4432
> 174872 1
H41 -2368992.5984 07013873.4741 -1497775.5170 -0000377.2956 00001678.4444 00007106.4127 01814473.5005 00024855.2259
> 174873 1
H41 -2369368.7033 07015260.3781 -1490668.4127 -0000374.9143 00001672.0441 00007107.7949 01809422.9380 00024801.5571
> 174874 1
H41 -2369742.4272 07016640.8847 -1483559.9295 -0000372.5337 00001665.6419 00007109.1705 01804382.3579 00024747.4328
> 174875 1
H41 -2370113.7708 07018014.9924 -1476450.0739 -0000370.1536 00001659.2378 00007110.5395 01799351.8490 00024692.8489
> 174876 1
H41 -2370482.7347 07019382.6995 -1469338.8526 -0000367.7741 00001652.8319 00007111.9020 01794331.5006 00024637.8013
> 174877 1
H41 -2370849.3193 07020744.0044 -1462226.2721 -0000365.3953 00001646.4240 00007113.2579 01789321.4030 00024582.2861
> 174878 1
H41 -2371213.5254 07022098.9055 -1455112.3390 -0000363.0170 00001640.0142 00007114.6072 01784321.6474 00024526.2990
> 174879 1
H41 -2371575.3535 07023447.4012 -1447997.0598 -0000360.6393 00001633.6025 00007115.9500 01779332.3256 00024469.8360
> 174880 1
H41 -2371934.8043 07024789.4900 -1440880.4412 -0000358.2623 00001627.1890 00007117.2861 01774353.5304 00024412.8928
> 174881 1
H41 -2372291.8783 07026125.1702 -1433762.4898 -0000355.8858 00001620.7736 00007118.6157 01769385.3553 00024355.4653
> 174882 1
H41 -2372646.5761 07027454.4404 -1426643.2120 -0000353.5099 00001614.3564 00007119.9387 01764427.8949 00024297.5492
> 174883 1
H41 -2372998.8984 07028777.2988 -1419522.6146 -0000351.1347 00001607.9373 00007121.2551 01759481.2442 00024239.1403
> 174884 1
H41 -2373348.8457 07030093.7439 -1412400.7041 -0000348.7601 00001601.5163 00007122.5649 01754545.4996 00024180.2343
> 174885 1
H41 -2373696.4187 07031403.7743 -1405277.4871 -0000346.3860 00001595.0935 00007123.8681 01749620.7578 00024120.8268
> 174886 1
H41 -2374041.6180 07032707.3883 -1398152.9701 -0000344.0126 00001588.6688 00007125.1647 01744707.1168 00024060.9135
> 174887 1
H41 -2374384.4442 07034004.5844 -1391027.1598 -0000341.6399 00001582.2424 00007126.4548 01739804.6753 00024000.4901
> 174888 1
H41 -2374724.8979 07035295.3610 -1383900.0628 -0000339.2677 00001575.8141 00007127.7382 01734913.5328 00023939.5520
> 174889 1
H41 -2375062.9798 07036579.7166 -1376771.6856 -0000336.8962 00001569.3839 00007129.0151 01730033.7899 00023878.0950
> 174890 1
H41 -2375398.6904 07037857.6498 -1369642.0349 -0000334.5252 00001562.9520 00007130.2853 01725165.5478 00023816.1145
> 174891 1
H41 -2375732.0305 07039129.1589 -1362511.1172 -0000332.1550 00001556.5182 00007131.5490 01720308.9088 00023753.6060
> 174892 1
H41 -2376063.0005 07040394.2425 -1355378.9391 -0000329.7853 00001550.0827 00007132.8061 01715463.9761 00023690.5651
> 174893 1
H41 -2376391.6013 07041652.8990 -1348245.5073 -0000327.4163 00001543.6454 00007134.0565 01710630.8537 00023626.9871
> 174894 1
H41 -2376717.8334 07042905.1270 -1341110.8283 -0000325.0479 00001537.2062 00007135.3004 01705809.6466 00023562.8676
> 174895 1
H41 -2377041.6974 07044150.9249 -1333974.9087 -0000322.6802 00001530.7653 00007136.5377 01701000.4607 00023498.2019
> 174896 1
H41 -2377363.1939 07045390.2913 -1326837.7551 -0000320.3131 00001524.3226 00007137.7683 01696203.4027 00023432.9854
> 174897 1
H41 -2377682.3237 07046623.2246 -1319699.3742 -0000317.9466 00001517.8782 00007138.9924 01691418.5805 00023367.2134
> 174898 1
H41 -2377999.0874 07047849.7235 -1312559.7725 -0000315.5808 00001511.4319 00007140.2099 01686646.1026 00023300.8814
> 174899 1
H41 -2378313.4856 07049069.7863 -1305418.9567 -0000313.2157 00001504.9839 00007141.4207 01681886.0786 00023233.9845
> 174900 1
H41 -2378625.5190 07050283.4117 -1298276.9333 -0000310.8512 00001498.5342 00007142.6250 01677138.6192 00023166.5182
> 174901 1
H41 -2378935.1881 07051490.5982 -1291133.7090 -0000308.4873 00001492.0827 00007143.8226 01672403.8358 00023098.4775
> 174902 1
H41 -2379242.4938 07052691.3444 -1283989.2903 -0000306.1241 00001485.6295 00007145.0136 01667681.8409 00023029.8579
> 174903 1
H41 -2379547.4365 07053885.6487 -1276843.6839 -0000303.7615 00001479.1745 00007146.1981 01662972.7478 00022960.6544
> 174904 1
H41 -2379850.0171 07055073.5098 -1269696.8964 -0000301.3997 00001472.7178 00007147.3759 01658276.6710 00022890.8623
> 174905 1
H41 -2380150.2361 07056254.9262 -1262548.9343 -0000299.0384 00001466.2594 00007148.5471 01653593.7258 00022820.4768
> 174906 1
H41 -2380448.0942 07057429.8964 -1255399.8044 -0000296.6779 00001459.7993 00007149.7117 01648924.0285 00022749.4929
> 174907 1
H41 -2380743.5921 07058598.4191 -1248249.5132 -0000294.3180 00001453.3375 00007150.8697 01644267.6964 00022677.9059
> 174908 1
H41 -2381036.7304 07059760.4929 -1241098.0673 -0000291.9588 00001446.8739 00007152.0210 01639624.8478 00022605.7109
> 174909 1
H41 -2381327.5099 07060916.1162 -1233945.4733 -0000289.6002 00001440.4087 00007153.1658 01634995.6019 00022532.9029
> 174910 1
H41 -2381615.9311 07062065.2878 -1226791.7380 -0000287.2424 00001433.9418 00007154.3039 01630380.0790 00022459.4769
> 174911 1
H41 -2381901.9948 07063208.0062 -1219636.8678 -0000284.8852 00001427.4732 00007155.4354 01625778.4003 00022385.4282
> 174912 1
H41 -2382185.7017 07064344.2700 -1212480.8694 -0000282.5287 00001421.0029 00007156.5603 01621190.6882 00022310.7517
> 174913 1
H41 -2382467.0524 07065474.0778 -1205323.7494 -0000280.1728 00001414.5309 00007157.6786 01616617.0657 00022235.4424
> 174914 1
H41 -2382746.0476 07066597.4283 -1198165.5144 -0000277.8177 00001408.0573 00007158.7902 01612057.6573 00022159.4954
> 174915 1
H41 -2383022.6880 07067714.3200 -1191006.1711 -0000275.4632 00001401.5820 00007159.8953 01607512.5881 00022082.9057
> 174916 1
H41 -2383296.9743 07068824.7517 -1183845.7261 -0000273.1094 00001395.1051 00007160.9937 01602981.9845 00022005.6682
> 174917 1
H41 -2383568.9071 07069928.7219 -1176684.1860 -0000270.7564 00001388.6265 00007162.0854 01598465.9737 00021927.7779
> 174918 1
H41 -2383838.4872 07071026.2292 -1169521.5574 -0000268.4040 00001382.1462 00007163.1706 01593964.6840 00021849.2299
> 174919 1
H41 -2384105.7153 07072117.2724 -1162357.8470 -0000266.0523 00001375.6644 00007164.2491 01589478.2448 00021770.0189
> 174920 1
H41 -2384370.5920 07073201.8501 -1155193.0614 -0000263.7013 00001369.1809 00007165.3210 01585006.7864 00021690.1401
> 174921 1
H41 -2384633.1181 07074279.9609 -1148027.2072 -0000261.3510 00001362.6958 00007166.3863 01580550.4402 00021609.5883
> 174922 1
H41 -2384893.2942 07075351.6034 -1140860.2910 -0000259.0014 00001356.2090 00007167.4450 01576109.3386 00021528.3585
> 174923 1
H41 -2385151.1211 07076416.7765 -1133692.3195 -0000256.6525 00001349.7207 00007168.4970 01571683.6150 00021446.4456
> 174924 1
H41 -2385406.5995 07077475.4787 -1126523.2992 -0000254.3043 00001343.2307 00007169.5424 01567273.4040 00021363.8445
> 174925 1
H41 -2385659.7300 07078527.7088 -1119353.2370 -0000251.9569 00001336.7392 00007170.5811 01562878.8409 00021280.5502
> 174926 1
H41 -2385910.5135 07079573.4654 -1112182.1392 -0000249.6101 00001330.2460 00007171.6132 01558500.0624 00021196.5576
> 174927 1
H41 -2386158.9505 07080612.7472 -1105010.0127 -0000247.2641 00001323.7513 00007172.6387 01554137.2060 00021111.8616
> 174928 1
H41 -2386405.0418 07081645.5529 -1097836.8640 -0000244.9187 00001317.2550 00007173.6576 01549790.4103 00021026.4571
> 174929 1
H41 -2386648.7882 07082671.8813 -1090662.6998 -0000242.5741 00001310.7571 00007174.6698 01545459.8150 00020940.3391
> 174930 1
H41 -2386890.1904 07083691.7310 -1083487.5267 -0000240.2303 00001304.2577 00007175.6754 01541145.5606 00020853.5025
> 174931 1
H41 -2387129.2490 07084705.1007 -1076311.3513 -0000237.8871 00001297.7567 00007176.6743 01536847.7890 00020765.9423
> 174932 1
H41 -2387365.9648 07085711.9893 -1069134.1803 -0000235.5447 00001291.2541 00007177.6666 01532566.6428 00020677.6533
> 174933 1
H41 -2387600.3386 07086712.3954 -1061956.0203 -0000233.2030 00001284.7500 00007178.6523 01528302.2658 00020588.6306
> 174934 1
H41 -2387832.3710 07087706.3177 -1054776.8779 -0000230.8620 00001278.2443 00007179.6313 01524054.8028 00020498.8692
> 174935 1
H41 -2388062.0628 07088693.7551 -1047596.7599 -0000228.5218 00001271.7371 00007180.6037 01519824.3997 00020408.3639
> 174936 1
H41 -2388289.4147 07089674.7062 -1040415.6728 -0000226.1823 00001265.2284 00007181.5694 01515611.2033 00020317.1099
> 174937 1
H41 -2388514.4276 07090649.1698 -1033233.6233 -0000223.8435 00001258.7182 00007182.5285 01511415.3615 00020225.1021
> 174938 1
H41 -2388737.1020 07091617.1448 -1026050.6180 -0000221.5055 00001252.2064 00007183.4810 01507237.0232 00020132.3356
> 174939 1
H41 -2388957.4387 07092578.6297 -1018866.6636 -0000219.1682 00001245.6931 00007184.4268 01503076.3383 00020038.8054
> 174940 1
H41 -2389175.4386 07093533.6235 -1011681.7667 -0000216.8316 00001239.1783 00007185.3659 01498933.4578 00019944.5067
> 174941 1
H41 -2389391.1023 07094482.1249 -1004495.9339 -0000214.4959 00001232.6621 00007186.2984 01494808.5337 00019849.4344
> 174942 1
H41 -2389604.4305 07095424.1326 -0997309.1720 -0000212.1608 00001226.1443 00007187.2243 01490701.7188 00019753.5837
> 174943 1
H41 -2389815.4242 07096359.6456 -0990121.4875 -0000209.8265 00001219.6250 00007188.1435 01486613.1673 00019656.9499
> 174944 1
H41 -2390024.0839 07097288.6625 -0982932.8872 -0000207.4930 00001213.1043 00007189.0561 01482543.0339 00019559.5281
> 174945 1
H41 -2390230.4104 07098211.1822 -0975743.3776 -0000205.1602 00001206.5821 00007189.9620 01478491.4748 00019461.3134
> 174946 1
H41 -2390434.4045 07099127.2035 -0968552.9654 -0000202.8282 00001200.0584 00007190.8613 01474458.6469 00019362.3013
> 174947 1
H41 -2390636.0671 07100036.7252 -0961361.6572 -0000200.4969 00001193.5332 00007191.7539 01470444.7080 00019262.4869
> 174948 1
H41 -2390835.3987 07100939.7462 -0954169.4598 -0000198.1665 00001187.0066 00007192.6399 01466449.8172 00019161.8656
> 174949 1
H41 -2391032.4002 07101836.2652 -0946976.3797 -0000195.8367 00001180.4786 00007193.5192 01462474.1342 00019060.4328
> 174950 1
H41 -2391227.0724 07102726.2812 -0939782.4237 -0000193.5078 00001173.9491 00007194.3918 01458517.8200 00018958.1840
> 174951 1
H41 -2391419.4160 07103609.7928 -0932587.5983 -0000191.1796 00001167.4181 00007195.2578 01454581.0363 00018855.1145
> 174952 1
H41 -2391609.4318 07104486.7991 -0925391.9102 -0000188.8522 00001160.8858 00007196.1172 01450663.9458 00018751.2200
> 174953 1
H41 -2391797.1206 07105357.2988 -0918195.3662 -0000186.5255 00001154.3520 00007196.9699 01446766.7123 00018646.4959
> 174954 1
H41 -2391982.4832 07106221.2909 -0910997.9727 -0000184.1997 00001147.8168 00007197.8159 01442889.5002 00018540.9380
> 174955 1
H41 -2392165.5202 07107078.7741 -0903799.7366 -0000181.8746 00001141.2802 00007198.6553 01439032.4752 00018434.5419
> 174956 1
H41 -2392346.2326 07107929.7473 -0896600.6644 -0000179.5503 00001134.7421 00007199.4880 01435195.8035 00018327.3034
> 174957 1
H41 -2392524.6211 07108774.2095 -0889400.7629 -0000177.2268 00001128.2027 00007200.3140 01431379.6526 00018219.2182
> 174958 1
H41 -2392700.6864 07109612.1595 -0882200.0386 -0000174.9040 00001121.6619 00007201.1334 01427584.1906 00018110.2824
> 174959 1
H41 -2392874.4294 07110443.5961 -0874998.4982 -0000172.5821 00001115.1197 00007201.9462 01423809.5865 00018000.4918
> 174960 1
H41 -2393045.8509 07111268.5184 -0867796.1485 -0000170.2610 00001108.5761 00007202.7522 01420056.0102 00017889.8425
> 174961 1
H41 -2393214.9516 07112086.9252 -0860592.9960 -0000167.9406 00001102.0312 00007203.5516 01416323.6326 00017778.3306
> 174962 1
H41 -2393381.7324 07112898.8154 -0853389.0475 -0000165.6210 00001095.4848 00007204.3444 01412612.6250 00017665.9522
> 174963 1
H41 -2393546.1940 07113704.1879 -0846184.3095 -0000163.3023 00001088.9371 00007205.1305 01408923.1600 00017552.7037
> 174964 1
H41 -2393708.3372 07114503.0416 -0838978.7888 -0000160.9843 00001082.3881 00007205.9099 01405255.4107 00017438.5814
> 174965 1
H41 -2393868.1629 07115295.3755 -0831772.4920 -0000158.6672 00001075.8377 00007206.6826 01401609.5510 00017323.5817
> 174966 1
H41 -2394025.6718 07116081.1885 -0824565.4258 -0000156.3508 00001069.2860 00007207.4487 01397985.7557 00017207.7012
> 174967 1
H41 -2394180.8648 07116860.4796 -0817357.5968 -0000154.0353 00001062.7329 00007208.2081 01394384.2002 00017090.9365
> 174968 1
H41 -2394333.7427 07117633.2477 -0810149.0117 -0000151.7205 00001056.1785 00007208.9609 01390805.0606 00016973.2844
> 174969 1
H41 -2394484.3062 07118399.4917 -0802939.6773 -0000149.4066 00001049.6227 00007209.7069 01387248.5140 00016854.7417
> 174970 1
H41 -2394632.5562 07119159.2106 -0795729.6001 -0000147.0935 00001043.0657 00007210.4464 01383714.7378 00016735.3053
> 174971 1
H41 -2394778.4935 07119912.4033 -0788518.7868 -0000144.7812 00001036.5073 00007211.1791 01380203.9103 00016614.9723
> 174972 1
H41 -2394922.1189 07120659.0689 -0781307.2441 -0000142.4697 00001029.9477 00007211.9052 01376716.2104 00016493.7398
> 174973 1
H41 -2395063.4332 07121399.2063 -0774094.9787 -0000140.1591 00001023.3867 00007212.6246 01373251.8176 00016371.6052
> 174974 1
H41 -2395202.4374 07122132.8145 -0766881.9972 -0000137.8493 00001016.8244 00007213.3373 01369810.9121 00016248.5658
> 174975 1
H41 -2395339.1321 07122859.8925 -0759668.3063 -0000135.5403 00001010.2609 00007214.0433 01366393.6745 00016124.6193
> 174976 1
H41 -2395473.5182 07123580.4392 -0752453.9128 -0000133.2321 00001003.6961 00007214.7427 01363000.2861 00015999.7632
> 174977 1
H41 -2395605.5965 07124294.4537 -0745238.8231 -0000130.9247 00000997.1300 00007215.4354 01359630.9286 00015873.9953
> 174978 1
H41 -2395735.3679 07125001.9350 -0738023.0441 -0000128.6182 00000990.5626 00007216.1215 01356285.7844 00015747.3136
> 174979 1
H41 -2395862.8333 07125702.8821 -0730806.5824 -0000126.3126 00000983.9939 00007216.8008 01352965.0362 00015619.7161
> 174980 1
H41 -2395987.9933 07126397.2940 -0723589.4447 -0000124.0077 00000977.4241 00007217.4735 01349668.8672 00015491.2011
> 174981 1
H41 -2396110.8490 07127085.1698 -0716371.6377 -0000121.7037 00000970.8529 00007218.1395 01346397.4611 00015361.7669
> 174982 1
H41 -2396231.4010 07127766.5084 -0709153.1679 -0000119.4006 00000964.2805 00007218.7988 01343151.0019 00015231.4120
> 174983 1
H41 -2396349.6503 07128441.3089 -0701934.0422 -0000117.0982 00000957.7069 00007219.4515 01339929.6740 00015100.1351
> 174984 1
H41 -2396465.5978 07129109.5704 -0694714.2672 -0000114.7968 00000951.1321 00007220.0975 01336733.6622 00014967.9350
> 174985 1
H41 -2396579.2442 07129771.2918 -0687493.8496 -0000112.4961 00000944.5560 00007220.7367 01333563.1514 00014834.8108
> 174986 1
H41 -2396690.5903 07130426.4724 -0680272.7960 -0000110.1964 00000937.9787 00007221.3694 01330418.3271 00014700.7615
> 174987 1
H41 -2396799.6372 07131075.1110 -0673051.1131 -0000107.8975 00000931.4002 00007221.9953 01327299.3747 00014565.7865
> 174988 1
H41 -2396906.3855 07131717.2069 -0665828.8076 -0000105.5994 00000924.8205 00007222.6145 01324206.4800 00014429.8854
> 174989 1
H41 -2397010.8362 07132352.7590 -0658605.8862 -0000103.3022 00000918.2396 00007223.2271 01321139.8290 00014293.0577
> 174990 1
H41 -2397112.9902 07132981.7664 -0651382.3556 -0000101.0058 00000911.6575 00007223.8330 01318099.6077 00014155.3034
> 174991 1
H41 -2397212.8482 07133604.2283 -0644158.2224 -0000098.7103 00000905.0742 00007224.4322 01315086.0023 00014016.6225
> 174992 1
H41 -2397310.4112 07134220.1437 -0636933.4934 -0000096.4157 00000898.4897 00007225.0247 01312099.1991 00013877.0153
> 174993 1
H41 -2397405.6799 07134829.5117 -0629708.1752 -0000094.1220 00000891.9041 00007225.6106 01309139.3844 00013736.4822
> 174994 1
H41 -2397498.6554 07135432.3314 -0622482.2745 -0000091.8291 00000885.3173 00007226.1897 01306206.7443 00013595.0238
> 174995 1
H41 -2397589.3384 07136028.6020 -0615255.7979 -0000089.5371 00000878.7293 00007226.7622 01303301.4652 00013452.6410
> 174996 1
H41 -2397677.7298 07136618.3225 -0608028.7523 -0000087.2459 00000872.1402 00007227.3280 01300423.7330 00013309.3348
> 174997 1
H41 -2397763.8305 07137201.4921 -0600801.1441 -0000084.9557 00000865.5499 00007227.8871 01297573.7340 00013165.1066
> 174998 1
H41 -2397847.6414 07137778.1099 -0593572.9803 -0000082.6663 00000858.9585 00007228.4395 01294751.6538 00013019.9577
> 174999 1
H41 -2397929.1633 07138348.1751 -0586344.2673 -0000080.3778 00000852.3660 00007228.9853 01291957.6781 00012873.8898
> 175000 1
H41 -2398008.3972 07138911.6867 -0579115.0120 -0000078.0901 00000845.7723 00007229.5243 01289191.9924 00012726.9050
> 175001 1
H41 -2398085.3439 07139468.6440 -0571885.2210 -0000075.8034 00000839.1775 00007230.0567 01286454.7815 00012579.0052
> 175002 1
H41 -2398160.0042 07140019.0460 -0564654.9009 -0000073.5175 00000832.5816 00007230.5823 01283746.2304 00012430.1929
> 175003 1
H41 -2398232.3792 07140562.8920 -0557424.0586 -0000071.2325 00000825.9845 00007231.1013 01281066.5233 00012280.4707
> 175004 1
H41 -2398302.4696 07141100.1811 -0550192.7006 -0000068.9485 00000819.3864 00007231.6136 01278415.8441 00012129.8413
> 175005 1
H41 -2398370.2764 07141630.9125 -0542960.8336 -0000066.6653 00000812.7871 00007232.1192 01275794.3763 00011978.3079
> 175006 1
H41 -2398435.8005 07142155.0854 -0535728.4644 -0000064.3830 00000806.1868 00007232.6181 01273202.3029 00011825.8738
> 175007 1
H41 -2398499.0427 07142672.6989 -0528495.5996 -0000062.1016 00000799.5854 00007233.1103 01270639.8060 00011672.5426
> 175008 1
H41 -2398560.0040 07143183.7523 -0521262.2460 -0000059.8211 00000792.9829 00007233.5958 01268107.0676 00011518.3180
> 175009 1
H41 -2398618.6852 07143688.2447 -0514028.4102 -0000057.5415 00000786.3793 00007234.0747 01265604.2686 00011363.2041
> 175010 1
H41 -2398675.0873 07144186.1753 -0506794.0989 -0000055.2628 00000779.7747 00007234.5468 01263131.5893 00011207.2051
> 175011 1
H41 -2398729.2112 07144677.5434 -0499559.3187 -0000052.9850 00000773.1690 00007235.0123 01260689.2094 00011050.3258
> 175012 1
H41 -2398781.0577 07145162.3482 -0492324.0765 -0000050.7082 00000766.5623 00007235.4711 01258277.3075 00010892.5709
> 175013 1
H41 -2398830.6278 07145640.5888 -0485088.3789 -0000048.4322 00000759.9545 00007235.9231 01255896.0616 00010733.9454
> 175014 1
H41 -2398877.9224 07146112.2646 -0477852.2325 -0000046.1571 00000753.3456 00007236.3685 01253545.6486 00010574.4548
> 175015 1
H41 -2398922.9424 07146577.3747 -0470615.6441 -0000043.8830 00000746.7358 00007236.8072 01251226.2445 00010414.1046
> 175016 1
H41 -2398965.6887 07147035.9184 -0463378.6204 -0000041.6098 00000740.1249 00007237.2392 01248938.0243 00010252.9008
> 175017 1
H41 -2399006.1623 07147487.8950 -0456141.1680 -0000039.3375 00000733.5129 00007237.6645 01246681.1617 00010090.8495
> 175018 1
H41 -2399044.3640 07147933.3036 -0448903.2937 -0000037.0661 00000726.9000 00007238.0831 01244455.8296 00009927.9571
> 175019 1
H41 -2399080.2948 07148372.1436 -0441665.0041 -0000034.7957 00000720.2861 00007238.4950 01242262.1995 00009764.2304
> 175020 1
H41 -2399113.9557 07148804.4142 -0434426.3060 -0000032.5261 00000713.6711 00007238.9002 01240100.4418 00009599.6762
> 175021 1
H41 -2399145.3474 07149230.1148 -0427187.2061 -0000030.2575 00000707.0552 00007239.2987 01237970.7253 00009434.3020
> 175022 1
H41 -2399174.4711 07149649.2444 -0419947.7109 -0000027.9899 00000700.4382 00007239.6905 01235873.2179 00009268.1151
> 175023 1
H41 -2399201.3275 07150061.8025 -0412707.8273 -0000025.7231 00000693.8203 00007240.0756 01233808.0857 00009101.1234
> 175024 1
H41 -2399225.9177 07150467.7884 -0405467.5620 -0000023.4573 00000687.2014 00007240.4540 01231775.4935 00008933.3351
> 175025 1
H41 -2399248.2425 07150867.2013 -0398226.9215 -0000021.1925 00000680.5815 00007240.8257 01229775.6046 00008764.7585
> 175026 1
H41 -2399268.3029 07151260.0405 -0390985.9127 -0000018.9286 00000673.9607 00007241.1908 01227808.5807 00008595.4022
> 175027 1
H41 -2399286.0999 07151646.3054 -0383744.5422 -0000016.6656 00000667.3389 00007241.5491 01225874.5819 00008425.2751
> 175028 1
H41 -2399301.6344 07152025.9953 -0376502.8168 -0000014.4035 00000660.7161 00007241.9007 01223973.7665 00008254.3866
> 175029 1
H41 -2399314.9073 07152399.1094 -0369260.7430 -0000012.1424 00000654.0924 00007242.2456 01222106.2911 00008082.7461
> 175030 1
H41 -2399325.9196 07152765.6471 -0362018.3277 -0000009.8823 00000647.4678 00007242.5839 01220272.3107 00007910.3634
> 175031 1
H41 -2399334.6722 07153125.6078 -0354775.5775 -0000007.6231 00000640.8422 00007242.9154 01218471.9781 00007737.2485
> 175032 1
H41 -2399341.1661 07153478.9908 -0347532.4991 -0000005.3649 00000634.2157 00007243.2402 01216705.4445 00007563.4118
> 175033 1
H41 -2399345.4022 07153825.7954 -0340289.0993 -0000003.1076 00000627.5883 00007243.5584 01214972.8590 00007388.8640
> 175034 1
H41 -2399347.3815 07154166.0210 -0333045.3847 -0000000.8512 00000620.9600 00007243.8698 01213274.3685 00007213.6159
> 175035 1
H41 -2399347.1050 07154499.6669 -0325801.3620 00000001.4041 00000614.3307 00007244.1745 01211610.1182 00007037.6786
> 175036 1
H41 -2399344.5736 07154826.7325 -0318557.0379 00000003.6586 00000607.7006 00007244.4725 01209980.2508 00006861.0638
> 175037 1
H41 -2399339.7882 07155147.2172 -0311312.4191 00000005.9120 00000601.0695 00007244.7639 01208384.9070 00006683.7830
> 175038 1
H41 -2399332.7499 07155461.1203 -0304067.5124 00000008.1645 00000594.4376 00007245.0485 01206824.2253 00006505.8483
> 175039 1
H41 -2399323.4596 07155768.4413 -0296822.3244 00000010.4160 00000587.8048 00007245.3264 01205298.3418 00006327.2720
> 175040 1
H41 -2399311.9182 07156069.1795 -0289576.8618 00000012.6665 00000581.1711 00007245.5976 01203807.3903 00006148.0666
> 175041 1
H41 -2399298.1268 07156363.3343 -0282331.1314 00000014.9161 00000574.5365 00007245.8621 01202351.5020 00005968.2449
> 175042 1
H41 -2399282.0863 07156650.9051 -0275085.1398 00000017.1647 00000567.9011 00007246.1200 01200930.8060 00005787.8199
> 175043 1
H41 -2399263.7977 07156931.8913 -0267838.8937 00000019.4123 00000561.2648 00007246.3711 01199545.4285 00005606.8050
> 175044 1
H41 -2399243.2619 07157206.2924 -0260592.3999 00000021.6590 00000554.6277 00007246.6155 01198195.4934 00005425.2137
> 175045 1
H41 -2399220.4800 07157474.1078 -0253345.6650 00000023.9047 00000547.9897 00007246.8532 01196881.1219 00005243.0600
> 175046 1
H41 -2399195.4529 07157735.3368 -0246098.6957 00000026.1493 00000541.3509 00007247.0842 01195602.4326 00005060.3577
> 175047 1
H41 -2399168.1816 07157989.9789 -0238851.4989 00000028.3930 00000534.7113 00007247.3085 01194359.5412 00004877.1214
> 175048 1
H41 -2399138.6672 07158238.0336 -0231604.0810 00000030.6358 00000528.0708 00007247.5261 01193152.5608 00004693.3654
> 175049 1
H41 -2399106.9105 07158479.5003 -0224356.4490 00000032.8775 00000521.4295 00007247.7370 01191981.6016 00004509.1047
> 175050 1
H41 -2399072.9125 07158714.3785 -0217108.6093 00000035.1182 00000514.7874 00007247.9411 01190846.7710 00004324.3542
> 175051 1
H41 -2399036.6744 07158942.6676 -0209860.5689 00000037.3579 00000508.1445 00007248.1386 01189748.1734 00004139.1291
> 175052 1
H41 -2398998.1970 07159164.3670 -0202612.3343 00000039.5967 00000501.5008 00007248.3294 01188685.9103 00003953.4450
> 175053 1
H41 -2398957.4813 07159379.4763 -0195363.9123 00000041.8344 00000494.8563 00007248.5135 01187660.0803 00003767.3174
> 175054 1
H41 -2398914.5284 07159587.9949 -0188115.3096 00000044.0712 00000488.2110 00007248.6908 01186670.7788 00003580.7623
> 175055 1
H41 -2398869.3393 07159789.9223 -0180866.5329 00000046.3069 00000481.5649 00007248.8615 01185718.0981 00003393.7958
> 175056 1
H41 -2398821.9149 07159985.2580 -0173617.5889 00000048.5417 00000474.9181 00007249.0254 01184802.1276 00003206.4341
> 175057 1
H41 -2398772.2563 07160174.0014 -0166368.4843 00000050.7754 00000468.2704 00007249.1827 01183922.9531 00003018.6937
> 175058 1
H41 -2398720.3644 07160356.1522 -0159119.2257 00000053.0081 00000461.6221 00007249.3332 01183080.6577 00002830.5912
> 175059 1
H41 -2398666.2404 07160531.7097 -0151869.8200 00000055.2398 00000454.9729 00007249.4771 01182275.3210 00002642.1436
> 175060 1
H41 -2398609.8851 07160700.6736 -0144620.2738 00000057.4705 00000448.3230 00007249.6142 01181507.0192 00002453.3677
> 175061 1
H41 -2398551.2996 07160863.0432 -0137370.5938 00000059.7002 00000441.6724 00007249.7446 01180775.8254 00002264.2807
> 175062 1
H41 -2398490.4849 07161018.8182 -0130120.7868 00000061.9289 00000435.0210 00007249.8684 01180081.8092 00002074.9000
> 175063 1
H41 -2398427.4421 07161167.9981 -0122870.8594 00000064.1566 00000428.3690 00007249.9854 01179425.0370 00001885.2429
> 175064 1
H41 -2398362.1722 07161310.5825 -0115620.8183 00000066.3832 00000421.7161 00007250.0957 01178805.5716 00001695.3272
> 175065 1
H41 -2398294.6761 07161446.5707 -0108370.6703 00000068.6088 00000415.0626 00007250.1993 01178223.4725 00001505.1705
> 175066 1
H41 -2398224.9549 07161575.9625 -0101120.4220 00000070.8334 00000408.4084 00007250.2962 01177678.7956 00001314.7907
> 175067 1
H41 -2398153.0096 07161698.7574 -0093870.0802 00000073.0569 00000401.7534 00007250.3864 01177171.5933 00001124.2057
> 175068 1
H41 -2398078.8413 07161814.9548 -0086619.6515 00000075.2795 00000395.0978 00007250.4698 01176701.9146 00000933.4337
> 175069 1
H41 -2398002.4510 07161924.5545 -0079369.1427 00000077.5010 00000388.4414 00007250.5466 01176269.8049 00000742.4929
> 175070 1
H41 -2397923.8398 07162027.5560 -0072118.5605 00000079.7214 00000381.7844 00007250.6167 01175875.3060 00000551.4014
> 175071 1
H41 -2397843.0085 07162123.9588 -0064867.9116 00000081.9409 00000375.1267 00007250.6800 01175518.4562 00000360.1776
> 175072 1
H41 -2397759.9584 07162213.7626 -0057617.2027 00000084.1592 00000368.4683 00007250.7367 01175199.2901 00000168.8401
> 175073 1
H41 -2397674.6904 07162296.9669 -0050366.4405 00000086.3766 00000361.8093 00007250.7866 01174917.8386 -0000022.5928
> 175074 1
H41 -2397587.2055 07162373.5713 -0043115.6317 00000088.5929 00000355.1496 00007250.8299 01174674.1293 -0000214.1025
> 175075 1
H41 -2397497.5049 07162443.5755 -0035864.7830 00000090.8082 00000348.4892 00007250.8664 01174468.1857 -0000405.6704
> 175076 1
H41 -2397405.5896 07162506.9790 -0028613.9012 00000093.0224 00000341.8282 00007250.8962 01174300.0279 -0000597.2777
> 175077 1
H41 -2397311.4605 07162563.7815 -0021362.9929 00000095.2355 00000335.1666 00007250.9193 01174169.6725 -0000788.9060
> 175078 1
H41 -2397215.1188 07162613.9827 -0014112.0648 00000097.4477 00000328.5043 00007250.9357 01174077.1320 -0000980.5365
> 175079 1
H41 -2397116.5655 07162657.5820 -0006861.1236 00000099.6587 00000321.8414 00007250.9454 01174022.4154 -0001172.1504
> 175080 1
H41 -2397015.8017 07162694.5792 00000389.8239 00000101.8687 00000315.1778 00007250.9484 01174005.5283 -0001363.7291
> 175081 1
H41 -2396912.8284 07162724.9740 00007640.7710 00000104.0777 00000308.5137 00007250.9447 01174026.4721 -0001555.2539
> 175082 1
H41 -2396807.6467 07162748.7658 00014891.7110 00000106.2856 00000301.8489 00007250.9343 01174085.2448 -0001746.7061
> 175083 1
H41 -2396700.2576 07162765.9546 00022142.6373 00000108.4924 00000295.1836 00007250.9172 01174181.8407 -0001938.0670
> 175084 1
H41 -2396590.6621 07162776.5398 00029393.5431 00000110.6982 00000288.5176 00007250.8933 01174316.2504 -0002129.3180
> 175085 1
H41 -2396478.8615 07162780.5211 00036644.4217 00000112.9029 00000281.8511 00007250.8628 01174488.4608 -0002320.4406
> 175086 1
H41 -2396364.8567 07162777.8983 00043895.2665 00000115.1066 00000275.1840 00007250.8255 01174698.4550 -0002511.4162
> 175087 1
H41 -2396248.6488 07162768.6710 00051146.0706 00000117.3091 00000268.5163 00007250.7816 01174946.2127 -0002702.2262
> 175088 1
H41 -2396130.2388 07162752.8388 00058396.8274 00000119.5106 00000261.8480 00007250.7309 01175231.7097 -0002892.8524
> 175089 1
H41 -2396009.6279 07162730.4016 00065647.5302 00000121.7110 00000255.1792 00007250.6735 01175554.9182 -0003083.2764
> 175090 1
H41 -2395886.8171 07162701.3589 00072898.1722 00000123.9104 00000248.5098 00007250.6095 01175915.8068 -0003273.4800
> 175091 1
H41 -2395761.8074 07162665.7106 00080148.7468 00000126.1087 00000241.8398 00007250.5387 01176314.3405 -0003463.4449
> 175092 1
H41 -2395634.6001 07162623.4562 00087399.2473 00000128.3059 00000235.1694 00007250.4612 01176750.4808 -0003653.1532
> 175093 1
H41 -2395505.1960 07162574.5956 00094649.6669 00000130.5020 00000228.4983 00007250.3770 01177224.1853 -0003842.5869
> 175094 1
H41 -2395373.5965 07162519.1284 00101899.9990 00000132.6970 00000221.8268 00007250.2861 01177735.4083 -0004031.7282
> 175095 1
H41 -2395239.8024 07162457.0544 00109150.2368 00000134.8910 00000215.1547 00007250.1885 01178284.1005 -0004220.5595
> 175096 1
H41 -2395103.8149 07162388.3733 00116400.3737 00000137.0838 00000208.4821 00007250.0841 01178870.2091 -0004409.0631
> 175097 1
H41 -2394965.6351 07162313.0848 00123650.4029 00000139.2756 00000201.8090 00007249.9731 01179493.6776 -0004597.2218
> 175098 1
H41 -2394825.2641 07162231.1888 00130900.3177 00000141.4663 00000195.1354 00007249.8554 01180154.4464 -0004785.0181
> 175099 1
H41 -2394682.7030 07162142.6849 00138150.1114 00000143.6558 00000188.4612 00007249.7309 01180852.4522 -0004972.4351
> 175100 1
H41 -2394537.9528 07162047.5730 00145399.7773 00000145.8443 00000181.7866 00007249.5998 01181587.6283 -0005159.4557
> 175101 1
H41 -2394391.0147 07161945.8528 00152649.3087 00000148.0317 00000175.1115 00007249.4619 01182359.9047 -0005346.0633
> 175102 1
H41 -2394241.8897 07161837.5240 00159898.6989 00000150.2180 00000168.4359 00007249.3174 01183169.2081 -0005532.2413
> 175103 1
H41 -2394090.5791 07161722.5865 00167147.9412 00000152.4032 00000161.7599 00007249.1661 01184015.4616 -0005717.9733
> 175104 1
H41 -2393937.0837 07161601.0400 00174397.0289 00000154.5873 00000155.0834 00007249.0081 01184898.5855 -0005903.2430
> 175105 1
H41 -2393781.4049 07161472.8843 00181645.9553 00000156.7702 00000148.4064 00007248.8435 01185818.4964 -0006088.0345
> 175106 1
H41 -2393623.5436 07161338.1193 00188894.7136 00000158.9521 00000141.7289 00007248.6721 01186775.1079 -0006272.3321
> 175107 1
H41 -2393463.5011 07161196.7447 00196143.2972 00000161.1329 00000135.0510 00007248.4940 01187768.3305 -0006456.1200
> 175108 1
H41 -2393301.2783 07161048.7604 00203391.6994 00000163.3125 00000128.3727 00007248.3092 01188798.0715 -0006639.3830
> 175109 1
H41 -2393136.8764 07160894.1661 00210639.9134 00000165.4910 00000121.6939 00007248.1177 01189864.2351 -0006822.1060
> 175110 1
H41 -2392970.2966 07160732.9617 00217887.9326 00000167.6685 00000115.0148 00007247.9195 01190966.7224 -0007004.2740
> 175111 1
H41 -2392801.5399 07160565.1471 00225135.7502 00000169.8448 00000108.3351 00007247.7146 01192105.4317 -0007185.8724
> 175112 1
H41 -2392630.6074 07160390.7220 00232383.3595 00000172.0199 00000101.6551 00007247.5030 01193280.2581 -0007366.8867
> 175113 1
H41 -2392457.5004 07160209.6863 00239630.7539 00000174.1940 00000094.9747 00007247.2847 01194491.0941 -0007547.3027
> 175114 1
H41 -2392282.2198 07160022.0398 00246877.9267 00000176.3669 00000088.2938 00007247.0597 01195737.8290 -0007727.1065
> 175115 1
H41 -2392104.7669 07159827.7825 00254124.8710 00000178.5387 00000081.6126 00007246.8279 01197020.3496 -0007906.2845
> 175116 1
H41 -2391925.1428 07159626.9141 00261371.5803 00000180.7094 00000074.9309 00007246.5895 01198338.5396 -0008084.8232
> 175117 1
H41 -2391743.3485 07159419.4346 00268618.0478 00000182.8789 00000068.2489 00007246.3444 01199692.2804 -0008262.7093
> 175118 1
H41 -2391559.3853 07159205.3437 00275864.2668 00000185.0473 00000061.5665 00007246.0926 01201081.4504 -0008439.9301
> 175119 1
H41 -2391373.2542 07158984.6415 00283110.2307 00000187.2146 00000054.8837 00007245.8340 01202505.9254 -0008616.4729
> 175120 1
H41 -2391184.9564 07158757.3277 00290355.9326 00000189.3808 00000048.2006 00007245.5688 01203965.5790 -0008792.3253
> 175121 1
H41 -2390994.4931 07158523.4023 00297601.3660 00000191.5458 00000041.5171 00007245.2968 01205460.2818 -0008967.4752
> 175122 1
H41 -2390801.8653 07158282.8652 00304846.5241 00000193.7096 00000034.8333 00007245.0182 01206989.9024 -0009141.9108
> 175123 1
H41 -2390607.0742 07158035.7163 00312091.4002 00000195.8723 00000028.1491 00007244.7329 01208554.3065 -0009315.6206
> 175124 1
H41 -2390410.1210 07157781.9554 00319335.9876 00000198.0339 00000021.4646 00007244.4408 01210153.3580 -0009488.5932
> 175125 1
H41 -2390211.0067 07157521.5826 00326580.2796 00000200.1944 00000014.7797 00007244.1421 01211786.9181 -0009660.8178
> 175126 1
H41 -2390009.7327 07157254.5977 00333824.2695 00000202.3536 00000008.0945 00007243.8366 01213454.8459 -0009832.2836
> 175127 1
H41 -2389806.2999 07156981.0006 00341067.9506 00000204.5118 00000001.4090 00007243.5245 01215156.9983 -0010002.9802
> 175128 1
H41 -2389600.7095 07156700.7913 00348311.3162 00000206.6687 -0000005.2768 00007243.2056 01216893.2301 -0010172.8974
> 175129 1
H41 -2389392.9628 07156413.9698 00355554.3596 00000208.8246 -0000011.9630 00007242.8801 01218663.3940 -0010342.0255
> 175130 1
H41 -2389183.0608 07156120.5360 00362797.0741 00000210.9792 -0000018.6494 00007242.5478 01220467.3407 -0010510.3548
> 175131 1
H41 -2388971.0047 07155820.4898 00370039.4530 00000213.1327 -0000025.3361 00007242.2089 01222304.9190 -0010677.8762
> 175132 1
H41 -2388756.7957 07155513.8313 00377281.4896 00000215.2851 -0000032.0231 00007241.8632 01224175.9755 -0010844.5806
> 175133 1
H41 -2388540.4349 07155200.5603 00384523.1772 00000217.4363 -0000038.7104 00007241.5109 01226080.3554 -0011010.4594
> 175134 1
H41 -2388321.9235 07154880.6768 00391764.5092 00000219.5863 -0000045.3980 00007241.1518 01228017.9018 -0011175.5041
> 175135 1
H41 -2388101.2627 07154554.1809 00399005.4787 00000221.7351 -0000052.0858 00007240.7861 01229988.4561 -0011339.7066
> 175136 1
H41 -2387878.4536 07154221.0725 00406246.0791 00000223.8828 -0000058.7739 00007240.4137 01231991.8581 -0011503.0592
> 175137 1
H41 -2387653.4974 07153881.3517 00413486.3037 00000226.0294 -0000065.4623 00007240.0345 01234027.9459 -0011665.5542
> 175138 1
H41 -2387426.3953 07153535.0183 00420726.1459 00000228.1747 -0000072.1509 00007239.6487 01236096.5561 -0011827.1845
> 175139 1
H41 -2387197.1484 07153182.0724 00427965.5989 00000230.3189 -0000078.8397 00007239.2561 01238197.5237 -0011987.9430
> 175140 1
H41 -2386965.7580 07152822.5141 00435204.6560 00000232.4619 -0000085.5288 00007238.8569 01240330.6823 -0012147.8230
> 175141 1
H41 -2386732.2251 07152456.3433 00442443.3105 00000234.6037 -0000092.2181 00007238.4510 01242495.8642 -0012306.8183
> 175142 1
H41 -2386496.5510 07152083.5601 00449681.5557 00000236.7443 -0000098.9077 00007238.0384 01244692.9001 -0012464.9225
> 175143 1
H41 -2386258.7369 07151704.1645 00456919.3850 00000238.8838 -0000105.5974 00007237.6190 01246921.6197 -0012622.1300
> 175144 1
H41 -2386018.7839 07151318.1566 00464156.7916 00000241.0220 -0000112.2874 00007237.1930 01249181.8512 -0012778.4351
> 175145 1
H41 -2385776.6932 07150925.5363 00471393.7688 00000243.1591 -0000118.9776 00007236.7603 01251473.4217 -0012933.8326
> 175146 1
H41 -2385532.4661 07150526.3037 00478630.3100 00000245.2950 -0000125.6679 00007236.3209 01253796.1574 -0013088.3173
> 175147 1
H41 -2385286.1036 07150120.4590 00485866.4084 00000247.4297 -0000132.3585 00007235.8748 01256149.8830 -0013241.8847
> 175148 1
H41 -2385037.6070 07149708.0021 00493102.0574 00000249.5632 -0000139.0492 00007235.4220 01258534.4226 -0013394.5301
> 175149 1
H41 -2384786.9775 07149288.9331 00500337.2503 00000251.6955 -0000145.7402 00007234.9626 01260949.5991 -0013546.2494
> 175150 1
H41 -2384534.2163 07148863.2521 00507571.9803 00000253.8267 -0000152.4312 00007234.4964 01263395.2345 -0013697.0386
> 175151 1
H41 -2384279.3246 07148430.9591 00514806.2408 00000255.9566 -0000159.1225 00007234.0235 01265871.1499 -0013846.8940
> 175152 1
H41 -2384022.3035 07147992.0544 00522040.0251 00000258.0853 -0000165.8139 00007233.5440 01268377.1657 -0013995.8122
> 175153 1
H41 -2383763.1543 07147546.5378 00529273.3265 00000260.2128 -0000172.5055 00007233.0577 01270913.1015 -0014143.7900
> 175154 1
H41 -2383501.8782 07147094.4097 00536506.1383 00000262.3392 -0000179.1972 00007232.5648 01273478.7762 -0014290.8244
> 175155 1
H41 -2383238.4764 07146635.6700 00543738.4538 00000264.4643 -0000185.8891 00007232.0651 01276074.0080 -0014436.9128
> 175156 1
H41 -2382972.9501 07146170.3188 00550970.2664 00000266.5882 -0000192.5811 00007231.5588 01278698.6144 -0014582.0527
> 175157 1
H41 -2382705.3004 07145698.3564 00558201.5693 00000268.7109 -0000199.2732 00007231.0458 01281352.4125 -0014726.2419
> 175158 1
H41 -2382435.5287 07145219.7827 00565432.3558 00000270.8324 -0000205.9654 00007230.5261 01284035.2188 -0014869.4785
> 175159 1
H41 -2382163.6361 07144734.5980 00572662.6193 00000272.9527 -0000212.6578 00007229.9997 01286746.8494 -0015011.7606
> 175160 1
H41 -2381889.6238 07144242.8024 00579892.3530 00000275.0717 -0000219.3502 00007229.4667 01289487.1197 -0015153.0868
> 175161 1
H41 -2381613.4931 07143744.3960 00587121.5504 00000277.1896 -0000226.0428 00007228.9269 01292255.8452 -0015293.4559
> 175162 1
H41 -2381335.2451 07143239.3790 00594350.2046 00000279.3062 -0000232.7354 00007228.3804 01295052.8406 -0015432.8667
> 175163 1
H41 -2381054.8811 07142727.7515 00601578.3090 00000281.4216 -0000239.4282 00007227.8273 01297877.9206 -0015571.3183
> 175164 1
H41 -2380772.4024 07142209.5137 00608805.8570 00000283.5358 -0000246.1210 00007227.2675 01300730.8995 -0015708.8103
> 175165 1
H41 -2380487.8100 07141684.6657 00616032.8418 00000285.6487 -0000252.8139 00007226.7010 01303611.5914 -0015845.3421
> 175166 1
H41 -2380201.1054 07141153.2078 00623259.2567 00000287.7604 -0000259.5069 00007226.1278 01306519.8104 -0015980.9135
> 175167 1
H41 -2379912.2896 07140615.1401 00630485.0951 00000289.8709 -0000266.1999 00007225.5479 01309455.3703 -0016115.5245
> 175168 1
H41 -2379621.3639 07140070.4628 00637710.3503 00000291.9802 -0000272.8930 00007224.9614 01312418.0848 -0016249.1754
> 175169 1
H41 -2379328.3296 07139519.1761 00644935.0156 00000294.0882 -0000279.5861 00007224.3681 01315407.7678 -0016381.8664
> 175170 1
H41 -2379033.1878 07138961.2802 00652159.0843 00000296.1950 -0000286.2793 00007223.7682 01318424.2329 -0016513.5981
> 175171 1
H41 -2378735.9399 07138396.7753 00659382.5497 00000298.3006 -0000292.9725 00007223.1616 01321467.2939 -0016644.3714
> 175172 1
H41 -2378436.5870 07137825.6616 00666605.4052 00000300.4049 -0000299.6658 00007222.5483 01324536.7646 -0016774.1871
> 175173 1
H41 -2378135.1305 07137247.9394 00673827.6440 00000302.5080 -0000306.3590 00007221.9283 01327632.4590 -0016903.0464
> 175174 1
H41 -2377831.5714 07136663.6088 00681049.2596 00000304.6099 -0000313.0523 00007221.3017 01330754.1911 -0017030.9505
> 175175 1
H41 -2377525.9111 07136072.6701 00688270.2451 00000306.7105 -0000319.7456 00007220.6683 01333901.7752 -0017157.9009
> 175176 1
H41 -2377218.1509 07135475.1235 00695490.5940 00000308.8098 -0000326.4389 00007220.0283 01337075.0257 -0017283.8993
> 175177 1
H41 -2376908.2919 07134870.9692 00702710.2995 00000310.9079 -0000333.1322 00007219.3816 01340273.7575 -0017408.9473
> 175178 1
H41 -2376596.3355 07134260.2076 00709929.3550 00000313.0048 -0000339.8255 00007218.7283 01343497.7854 -0017533.0469
> 175179 1
H41 -2376282.2828 07133642.8389 00717147.7538 00000315.1004 -0000346.5188 00007218.0682 01346746.9248 -0017656.2003
> 175180 1
H41 -2375966.1351 07133018.8633 00724365.4892 00000317.1947 -0000353.2120 00007217.4015 01350020.9913 -0017778.4097
> 175181 1
H41 -2375647.8937 07132388.2811 00731582.5546 00000319.2878 -0000359.9053 00007216.7281 01353319.8009 -0017899.6774
> 175182 1
H41 -2375327.5599 07131751.0925 00738798.9432 00000321.3797 -0000366.5984 00007216.0480 01356643.1700 -0018020.0060
> 175183 1
H41 -2375005.1348 07131107.2980 00746014.6484 00000323.4703 -0000373.2916 00007215.3613 01359990.9154 -0018139.3981
> 175184 1
H41 -2374680.6198 07130456.8976 00753229.6635 00000325.5596 -0000379.9847 00007214.6678 01363362.8545 -0018257.8566
> 175185 1
H41 -2374354.0160 07129799.8918 00760443.9818 00000327.6476 -0000386.6778 00007213.9677 01366758.8049 -0018375.3844
> 175186 1
H41 -2374025.3249 07129136.2809 00767657.5968 00000329.7344 -0000393.3707 00007213.2610 01370178.5851 -0018491.9844
> 175187 1
H41 -2373694.5476 07128466.0651 00774870.5016 00000331.8200 -0000400.0637 00007212.5475 01373622.0136 -0018607.6600
> 175188 1
H41 -2373361.6854 07127789.2448 00782082.6896 00000333.9042 -0000406.7565 00007211.8274 01377088.9101 -0018722.4143
> 175189 1
H41 -2373026.7396 07127105.8202 00789294.1542 00000335.9872 -0000413.4493 00007211.1006 01380579.0943 -0018836.2508
> 175190 1
H41 -2372689.7114 07126415.7917 00796504.8886 00000338.0689 -0000420.1420 00007210.3672 01384092.3869 -0018949.1729
> 175191 1
H41 -2372350.6022 07125719.1597 00803714.8863 00000340.1494 -0000426.8346 00007209.6270 01387628.6089 -0019061.1844
> 175192 1
H41 -2372009.4131 07125015.9244 00810924.1405 00000342.2285 -0000433.5271 00007208.8802 01391187.5823 -0019172.2889
> 175193 1
H41 -2371666.1455 07124306.0863 00818132.6445 00000344.3064 -0000440.2194 00007208.1268 01394769.1295 -0019282.4902
> 175194 1
H41 -2371320.8007 07123589.6456 00825340.3918 00000346.3830 -0000446.9117 00007207.3666 01398373.0738 -0019391.7923
> 175195 1
H41 -2370973.3799 07122866.6027 00832547.3756 00000348.4584 -0000453.6039 00007206.5999 01401999.2389 -0019500.1991
> 175196 1
H41 -2370623.8844 07122136.9580 00839753.5893 00000350.5324 -0000460.2959 00007205.8264 01405647.4496 -0019607.7148
> 175197 1
H41 -2370272.3156 07121400.7119 00846959.0262 00000352.6052 -0000466.9878 00007205.0463 01409317.5312 -0019714.3435
> 175198 1
H41 -2369918.6746 07120657.8646 00854163.6796 00000354.6766 -0000473.6796 00007204.2595 01413009.3098 -0019820.0895
> 175199 1
H41 -2369562.9627 07119908.4167 00861367.5429 00000356.7468 -0000480.3712 00007203.4660 01416722.6124 -0019924.9571
> 175200 1
H41 -2369205.1814 07119152.3685 00868570.6094 00000358.8157 -0000487.0627 00007202.6659 01420457.2666 -0020028.9508
> 175201 1
H41 -2368845.3318 07118389.7204 00875772.8724 00000360.8833 -0000493.7540 00007201.8591 01424213.1010 -0020132.0749
> 175202 1
H41 -2368483.4152 07117620.4727 00882974.3253 00000362.9496 -0000500.4451 00007201.0456 01427989.9449 -0020234.3342
> 175203 1
H41 -2368119.4330 07116844.6259 00890174.9614 00000365.0146 -0000507.1361 00007200.2255 01431787.6285 -0020335.7331
> 175204 1
H41 -2367753.3864 07116062.1805 00897374.7741 00000367.0783 -0000513.8269 00007199.3988 01435605.9830 -0020436.2764
> 175205 1
H41 -2367385.2768 07115273.1368 00904573.7567 00000369.1407 -0000520.5175 00007198.5653 01439444.8400 -0020535.9688
> 175206 1
H41 -2367015.1054 07114477.4952 00911771.9026 00000371.2018 -0000527.2080 00007197.7252 01443304.0326 -0020634.8151
> 175207 1
H41 -2366642.8735 07113675.2562 00918969.2050 00000373.2616 -0000533.8982 00007196.8785 01447183.3944 -0020732.8201
> 175208 1
H41 -2366268.5825 07112866.4202 00926165.6574 00000375.3202 -0000540.5882 00007196.0251 01451082.7599 -0020829.9888
> 175209 1
H41 -2365892.2337 07112050.9877 00933361.2530 00000377.3773 -0000547.2780 00007195.1650 01455001.9646 -0020926.3261
> 175210 1
H41 -2365513.8283 07111228.9590 00940555.9852 00000379.4332 -0000553.9676 00007194.2983 01458940.8451 -0021021.8370
> 175211 1
H41 -2365133.3676 07110400.3348 00947749.8474 00000381.4878 -0000560.6570 00007193.4249 01462899.2387 -0021116.5265
> 175212 1
H41 -2364750.8531 07109565.1154 00954942.8329 00000383.5411 -0000567.3462 00007192.5449 01466876.9836 -0021210.3997
> 175213 1
H41 -2364366.2860 07108723.3012 00962134.9350 00000385.5930 -0000574.0351 00007191.6582 01470873.9192 -0021303.4617
> 175214 1
H41 -2363979.6675 07107874.8929 00969326.1471 00000387.6436 -0000580.7238 00007190.7649 01474889.8857 -0021395.7177
> 175215 1
H41 -2363590.9991 07107019.8908 00976516.4626 00000389.6929 -0000587.4122 00007189.8649 01478924.7242 -0021487.1728
> 175216 1
H41 -2363200.2821 07106158.2954 00983705.8748 00000391.7409 -0000594.1004 00007188.9583 01482978.2770 -0021577.8322
> 175217 1
H41 -2362807.5177 07105290.1073 00990894.3770 00000393.7876 -0000600.7883 00007188.0450 01487050.3871 -0021667.7012
> 175218 1
H41 -2362412.7073 07104415.3269 00998081.9625 00000395.8330 -0000607.4760 00007187.1251 01491140.8989 -0021756.7851
> 175219 1
H41 -2362015.8522 07103533.9548 01005268.6249 00000397.8770 -0000614.1634 00007186.1985 01495249.6572 -0021845.0891
> 175220 1
H41 -2361616.9538 07102645.9914 01012454.3573 00000399.9197 -0000620.8505 00007185.2653 01499376.5084 -0021932.6186
> 175221 1
H41 -2361216.0133 07101751.4372 01019639.1532 00000401.9610 -0000627.5373 00007184.3254 01503521.2996 -0022019.3788
> 175222 1
H41 -2360813.0322 07100850.2929 01026823.0059 00000404.0011 -0000634.2238 00007183.3789 01507683.8788 -0022105.3751
> 175223 1
H41 -2360408.0117 07099942.5589 01034005.9087 00000406.0398 -0000640.9100 00007182.4257 01511864.0953 -0022190.6129
> 175224 1
H41 -2360000.9531 07099028.2358 01041187.8551 00000408.0771 -0000647.5959 00007181.4659 01516061.7993 -0022275.0975
> 175225 1
H41 -2359591.8578 07098107.3241 01048368.8383 00000410.1132 -0000654.2815 00007180.4994 01520276.8419 -0022358.8343
> 175226 1
H41 -2359180.7272 07097179.8243 01055548.8517 00000412.1479 -0000660.9668 00007179.5263 01524509.0753 -0022441.8288
> 175227 1
H41 -2358767.5626 07096245.7371 01062727.8888 00000414.1812 -0000667.6518 00007178.5466 01528758.3529 -0022524.0863
> 175228 1
H41 -2358352.3653 07095305.0629 01069905.9427 00000416.2132 -0000674.3364 00007177.5602 01533024.5289 -0022605.6122
> 175229 1
H41 -2357935.1366 07094357.8024 01077083.0070 00000418.2439 -0000681.0207 00007176.5672 01537307.4586 -0022686.4119
> 175230 1
H41 -2357515.8779 07093403.9561 01084259.0749 00000420.2732 -0000687.7047 00007175.5676 01541606.9984 -0022766.4909
> 175231 1
H41 -2357094.5906 07092443.5246 01091434.1399 00000422.3012 -0000694.3883 00007174.5613 01545923.0055 -0022845.8546
> 175232 1
H41 -2356671.2760 07091476.5085 01098608.1953 00000424.3278 -0000701.0715 00007173.5483 01550255.3385 -0022924.5083
> 175233 1
H41 -2356245.9355 07090502.9084 01105781.2344 00000426.3531 -0000707.7544 00007172.5288 01554603.8568 -0023002.4575
> 175234 1
H41 -2355818.5703 07089522.7249 01112953.2506 00000428.3770 -0000714.4369 00007171.5026 01558968.4208 -0023079.7076
> 175235 1
H41 -2355389.1819 07088535.9585 01120124.2373 00000430.3996 -0000721.1190 00007170.4697 01563348.8921 -0023156.2640
> 175236 1
H41 -2354957.7716 07087542.6100 01127294.1879 00000432.4208 -0000727.8008 00007169.4303 01567745.1332 -0023232.1321
> 175237 1
H41 -2354524.3408 07086542.6799 01134463.0956 00000434.4406 -0000734.4821 00007168.3842 01572157.0077 -0023307.3173
> 175238 1
H41 -2354088.8908 07085536.1688 01141630.9540 00000436.4591 -0000741.1631 00007167.3314 01576584.3802 -0023381.8249
> 175239 1
H41 -2353651.4230 07084523.0775 01148797.7563 00000438.4763 -0000747.8436 00007166.2721 01581027.1163 -0023455.6604
> 175240 1
H41 -2353211.9387 07083503.4064 01155963.4960 00000440.4921 -0000754.5238 00007165.2061 01585485.0828 -0023528.8291
> 175241 1
H41 -2352770.4393 07082477.1563 01163128.1663 00000442.5065 -0000761.2035 00007164.1335 01589958.1473 -0023601.3363
> 175242 1
H41 -2352326.9262 07081444.3278 01170291.7607 00000444.5195 -0000767.8828 00007163.0542 01594446.1785 -0023673.1874
> 175243 1
H41 -2351881.4008 07080404.9216 01177454.2726 00000446.5312 -0000774.5617 00007161.9684 01598949.0462 -0023744.3877
> 175244 1
H41 -2351433.8643 07079358.9383 01184615.6953 00000448.5415 -0000781.2402 00007160.8759 01603466.6213 -0023814.9425
> 175245 1
H41 -2350984.3183 07078306.3786 01191776.0221 00000450.5504 -0000787.9182 00007159.7768 01607998.7754 -0023884.8571
> 175246 1
H41 -2350532.7640 07077247.2432 01198935.2466 00000452.5580 -0000794.5957 00007158.6710 01612545.3814 -0023954.1368
> 175247 1
H41 -2350079.2028 07076181.5327 01206093.3619 00000454.5642 -0000801.2728 00007157.5586 01617106.3132 -0024022.7867
> 175248 1
H41 -2349623.6361 07075109.2479 01213250.3616 00000456.5690 -0000807.9495 00007156.4397 01621681.4455 -0024090.8123
> 175249 1
H41 -2349166.0653 07074030.3894 01220406.2391 00000458.5724 -0000814.6257 00007155.3141 01626270.6543 -0024158.2186
> 175250 1
H41 -2348706.4918 07072944.9579 01227560.9876 00000460.5744 -0000821.3014 00007154.1818 01630873.8164 -0024225.0108
> 175251 1
H41 -2348244.9169 07071852.9542 01234714.6005 00000462.5751 -0000827.9766 00007153.0430 01635490.8096 -0024291.1942
> 175252 1
H41 -2347781.3420 07070754.3790 01241867.0713 00000464.5744 -0000834.6513 00007151.8975 01640121.5129 -0024356.7738
> 175253 1
H41 -2347315.7686 07069649.2329 01249018.3934 00000466.5723 -0000841.3256 00007150.7455 01644765.8060 -0024421.7549
> 175254 1
H41 -2346848.1979 07068537.5167 01256168.5601 00000468.5688 -0000847.9993 00007149.5868 01649423.5698 -0024486.1424
> 175255 1
H41 -2346378.6315 07067419.2312 01263317.5647 00000470.5639 -0000854.6726 00007148.4215 01654094.6862 -0024549.9416
> 175256 1
H41 -2345907.0706 07066294.3770 01270465.4008 00000472.5576 -0000861.3453 00007147.2496 01658779.0380 -0024613.1574
> 175257 1
H41 -2345433.5166 07065162.9549 01277612.0616 00000474.5500 -0000868.0175 00007146.0710 01663476.5089 -0024675.7948
> 175258 1
H41 -2344957.9711 07064024.9657 01284757.5407 00000476.5409 -0000874.6892 00007144.8859 01668186.9836 -0024737.8589
> 175259 1
H41 -2344480.4353 07062880.4101 01291901.8312 00000478.5305 -0000881.3604 00007143.6941 01672910.3481 -0024799.3546
> 175260 1
H41 -2344000.9106 07061729.2889 01299044.9268 00000480.5186 -0000888.0310 00007142.4958 01677646.4888 -0024860.2869
> 175261 1
H41 -2343519.3985 07060571.6029 01306186.8206 00000482.5054 -0000894.7010 00007141.2908 01682395.2935 -0024920.6608
> 175262 1
H41 -2343035.9004 07059407.3527 01313327.5062 00000484.4907 -0000901.3706 00007140.0793 01687156.6509 -0024980.4810
> 175263 1
H41 -2342550.4175 07058236.5393 01320466.9770 00000486.4747 -0000908.0395 00007138.8611 01691930.4503 -0025039.7525
> 175264 1
H41 -2342062.9515 07057059.1634 01327605.2262 00000488.4572 -0000914.7079 00007137.6363 01696716.5824 -0025098.4801
> 175265 1
H41 -2341573.5036 07055875.2257 01334742.2474 00000490.4383 -0000921.3757 00007136.4049 01701514.9386 -0025156.6685
> 175266 1
H41 -2341082.0753 07054684.7272 01341878.0339 00000492.4181 -0000928.0430 00007135.1670 01706325.4112 -0025214.3227
> 175267 1
H41 -2340588.6680 07053487.6685 01349012.5791 00000494.3964 -0000934.7097 00007133.9224 01711147.8935 -0025271.4473
> 175268 1
H41 -2340093.2830 07052284.0505 01356145.8765 00000496.3733 -0000941.3757 00007132.6712 01715982.2798 -0025328.0470
> 175269 1
H41 -2339595.9219 07051073.8741 01363277.9194 00000498.3488 -0000948.0412 00007131.4134 01720828.4652 -0025384.1265
> 175270 1
H41 -2339096.5859 07049857.1400 01370408.7011 00000500.3229 -0000954.7061 00007130.1491 01725686.3457 -0025439.6905
> 175271 1
H41 -2338595.2766 07048633.8491 01377538.2153 00000502.2955 -0000961.3704 00007128.8781 01730555.8184 -0025494.7436
> 175272 1
H41 -2338091.9954 07047404.0022 01384666.4551 00000504.2668 -0000968.0340 00007127.6005 01735436.7809 -0025549.2904
> 175273 1
H41 -2337586.7436 07046167.6002 01391793.4141 00000506.2366 -0000974.6971 00007126.3164 01740329.1321 -0025603.3354
> 175274 1
H41 -2337079.5227 07044924.6438 01398919.0857 00000508.2050 -0000981.3595 00007125.0256 01745232.7716 -0025656.8832
> 175275 1
H41 -2336570.3341 07043675.1341 01406043.4632 00000510.1720 -0000988.0213 00007123.7283 01750147.5999 -0025709.9383
> 175276 1
H41 -2336059.1792 07042419.0718 01413166.5400 00000512.1375 -0000994.6824 00007122.4244 01755073.5184 -0025762.5051
> 175277 1
H41 -2335546.0595 07041156.4577 01420288.3097 00000514.1017 -0001001.3429 00007121.1138 01760010.4294 -0025814.5881
> 175278 1
H41 -2335030.9764 07039887.2929 01427408.7655 00000516.0644 -0001008.0027 00007119.7967 01764958.2360 -0025866.1916
> 175279 1
H41 -2334513.9313 07038611.5781 01434527.9009 00000518.0256 -0001014.6619 00007118.4730 01769916.8421 -0025917.3201
> 175280 1
H41 -2333994.9256 07037329.3142 01441645.7094 00000519.9855 -0001021.3204 00007117.1428 01774886.1525 -0025967.9778
> 175281 1
H41 -2333473.9608 07036040.5022 01448762.1843 00000521.9439 -0001027.9782 00007115.8059 01779866.0731 -0026018.1691
> 175282 1
H41 -2332951.0384 07034745.1429 01455877.3190 00000523.9008 -0001034.6353 00007114.4625 01784856.5102 -0026067.8982
> 175283 1
H41 -2332426.1596 07033443.2372 01462991.1070 00000525.8564 -0001041.2918 00007113.1124 01789857.3713 -0026117.1694
> 175284 1
H41 -2331899.3261 07032134.7861 01470103.5417 00000527.8105 -0001047.9476 00007111.7558 01794868.5644 -0026165.9868
> 175285 1
H41 -2331370.5392 07030819.7905 01477214.6165 00000529.7631 -0001054.6026 00007110.3927 01799889.9986 -0026214.3547
> 175286 1
H41 -2330839.8003 07029498.2513 01484324.3248 00000531.7143 -0001061.2570 00007109.0229 01804921.5838 -0026262.2771
> 175287 1
H41 -2330307.1110 07028170.1694 01491432.6601 00000533.6641 -0001067.9106 00007107.6466 01809963.2304 -0026309.7583
> 175288 1
H41 -2329772.4726 07026835.5457 01498539.6157 00000535.6124 -0001074.5636 00007106.2637 01815014.8500 -0026356.8021
> 175289 1
H41 -2329235.8866 07025494.3813 01505645.1852 00000537.5593 -0001081.2158 00007104.8742 01820076.3548 -0026403.4128
> 175290 1
H41 -2328697.3545 07024146.6770 01512749.3619 00000539.5047 -0001087.8673 00007103.4781 01825147.6577 -0026449.5942
> 175291 1
H41 -2328156.8776 07022792.4338 01519852.1392 00000541.4487 -0001094.5180 00007102.0755 01830228.6725 -0026495.3504
> 175292 1
H41 -2327614.4575 07021431.6527 01526953.5107 00000543.3913 -0001101.1680 00007100.6663 01835319.3139 -0026540.6853
> 175293 1
H41 -2327070.0956 07020064.3347 01534053.4696 00000545.3323 -0001107.8172 00007099.2505 01840419.4972 -0026585.6028
> 175294 1
H41 -2326523.7934 07018690.4807 01541152.0095 00000547.2719 -0001114.4657 00007097.8282 01845529.1384 -0026630.1067
> 175295 1
H41 -2325975.5522 07017310.0916 01548249.1238 00000549.2101 -0001121.1134 00007096.3993 01850648.1544 -0026674.2010
> 175296 1
H41 -2325425.3736 07015923.1686 01555344.8060 00000551.1468 -0001127.7604 00007094.9638 01855776.4629 -0026717.8893
> 175297 1
H41 -2324873.2590 07014529.7125 01562439.0493 00000553.0821 -0001134.4066 00007093.5218 01860913.9822 -0026761.1756
> 175298 1
H41 -2324319.2100 07013129.7244 01569531.8474 00000555.0159 -0001141.0520 00007092.0732 01866060.6314 -0026804.0634
> 175299 1
H41 -2323763.2278 07011723.2053 01576623.1936 00000556.9482 -0001147.6966 00007090.6181 01871216.3303 -0026846.5566
> 175300 1
H41 -2323205.3141 07010310.1561 01583713.0814 00000558.8790 -0001154.3404 00007089.1564 01876380.9994 -0026888.6589
> 175301 1
H41 -2322645.4702 07008890.5780 01590801.5042 00000560.8084 -0001160.9834 00007087.6881 01881554.5602 -0026930.3737
> 175302 1
H41 -2322083.6977 07007464.4719 01597888.4554 00000562.7364 -0001167.6256 00007086.2133 01886736.9345 -0026971.7049
> 175303 1
H41 -2321519.9980 07006031.8389 01604973.9286 00000564.6628 -0001174.2670 00007084.7319 01891928.0452 -0027012.6559
> 175304 1
H41 -2320954.3726 07004592.6800 01612057.9171 00000566.5878 -0001180.9075 00007083.2440 01897127.8155 -0027053.2303
> 175305 1
H41 -2320386.8229 07003146.9963 01619140.4144 00000568.5113 -0001187.5472 00007081.7495 01902336.1696 -0027093.4316
> 175306 1
H41 -2319817.3505 07001694.7887 01626221.4139 00000570.4333 -0001194.1861 00007080.2485 01907553.0323 -0027133.2632
> 175307 1
H41 -2319245.9567 07000236.0584 01633300.9092 00000572.3539 -0001200.8242 00007078.7409 01912778.3291 -0027172.7288
> 175308 1
H41 -2318672.6432 06998770.8064 01640378.8936 00000574.2730 -0001207.4614 00007077.2268 01918011.9861 -0027211.8316
> 175309 1
H41 -2318097.4112 06997299.0338 01647455.3605 00000576.1906 -0001214.0978 00007075.7061 01923253.9302 -0027250.5750
> 175310 1
H41 -2317520.2625 06995820.7416 01654530.3036 00000578.1067 -0001220.7333 00007074.1789 01928504.0888 -0027288.9625
> 175311 1
H41 -2316941.1983 06994335.9309 01661603.7161 00000580.0214 -0001227.3679 00007072.6451 01933762.3902 -0027326.9973
> 175312 1
H41 -2316360.2202 06992844.6029 01668675.5916 00000581.9345 -0001234.0016 00007071.1048 01939028.7632 -0027364.6828
> 175313 1
H41 -2315777.3298 06991346.7586 01675745.9235 00000583.8462 -0001240.6345 00007069.5580 01944303.1371 -0027402.0222
> 175314 1
H41 -2315192.5284 06989842.3991 01682814.7054 00000585.7564 -0001247.2665 00007068.0046 01949585.4422 -0027439.0187
> 175315 1
H41 -2314605.8175 06988331.5256 01689881.9305 00000587.6651 -0001253.8976 00007066.4446 01954875.6092 -0027475.6756
> 175316 1
H41 -2314017.1987 06986814.1390 01696947.5925 00000589.5723 -0001260.5278 00007064.8782 01960173.5694 -0027511.9960
> 175317 1
H41 -2313426.6735 06985290.2406 01704011.6847 00000591.4780 -0001267.1571 00007063.3052 01965479.2549 -0027547.9831
> 175318 1
H41 -2312834.2432 06983759.8315 01711074.2007 00000593.3822 -0001273.7855 00007061.7257 01970792.5983 -0027583.6399
> 175319 1
H41 -2312239.9095 06982222.9128 01718135.1338 00000595.2849 -0001280.4129 00007060.1396 01976113.5328 -0027618.9697
> 175320 1
H41 -2311643.6739 06980679.4856 01725194.4777 00000597.1862 -0001287.0395 00007058.5470 01981441.9922 -0027653.9754
> 175321 1
H41 -2311045.5377 06979129.5510 01732252.2257 00000599.0859 -0001293.6651 00007056.9479 01986777.9111 -0027688.6600
> 175322 1
H41 -2310445.5026 06977573.1103 01739308.3712 00000600.9841 -0001300.2898 00007055.3422 01992121.2245 -0027723.0267
> 175323 1
H41 -2309843.5700 06976010.1646 01746362.9079 00000602.8809 -0001306.9135 00007053.7300 01997471.8679 -0027757.0782
> 175324 1
H41 -2309239.7414 06974440.7150 01753415.8292 00000604.7761 -0001313.5363 00007052.1113 02002829.7777 -0027790.8177
> 175325 1
H41 -2308634.0183 06972864.7628 01760467.1284 00000606.6698 -0001320.1581 00007050.4861 02008194.8907 -0027824.2479
> 175326 1
H41 -2308026.4023 06971282.3090 01767516.7992 00000608.5620 -0001326.7789 00007048.8544 02013567.1441 -0027857.3718
> 175327 1
H41 -2307416.8948 06969693.3549 01774564.8350 00000610.4527 -0001333.3988 00007047.2161 02018946.4761 -0027890.1923
> 175328 1
H41 -2306805.4974 06968097.9016 01781611.2292 00000612.3419 -0001340.0177 00007045.5713 02024332.8250 -0027922.7121
> 175329 1
H41 -2306192.2115 06966495.9503 01788655.9754 00000614.2296 -0001346.6357 00007043.9200 02029726.1301 -0027954.9341
> 175330 1
H41 -2305577.0387 06964887.5023 01795699.0671 00000616.1158 -0001353.2526 00007042.2622 02035126.3308 -0027986.8611
> 175331 1
H41 -2304959.9804 06963272.5588 01802740.4976 00000618.0004 -0001359.8686 00007040.5979 02040533.3675 -0028018.4957
> 175332 1
H41 -2304341.0383 06961651.1208 01809780.2606 00000619.8836 -0001366.4835 00007038.9270 02045947.1807 -0028049.8408
> 175333 1
H41 -2303720.2138 06960023.1898 01816818.3495 00000621.7652 -0001373.0974 00007037.2496 02051367.7119 -0028080.8990
> 175334 1
H41 -2303097.5084 06958388.7668 01823854.7577 00000623.6453 -0001379.7104 00007035.5658 02056794.9027 -0028111.6729
> 175335 1
H41 -2302472.9236 06956747.8532 01830889.4789 00000625.5239 -0001386.3223 00007033.8754 02062228.6955 -0028142.1654
> 175336 1
H41 -2301846.4610 06955100.4501 01837922.5064 00000627.4010 -0001392.9331 00007032.1785 02067669.0331 -0028172.3788
> 175337 1
H41 -2301218.1222 06953446.5588 01844953.8337 00000629.2765 -0001399.5430 00007030.4751 02073115.8590 -0028202.3159
> 175338 1
H41 -2300587.9085 06951786.1806 01851983.4544 00000631.1505 -0001406.1518 00007028.7652 02078569.1169 -0028231.9792
> 175339 1
H41 -2299955.8216 06950119.3166 01859011.3620 00000633.0230 -0001412.7595 00007027.0488 02084028.7513 -0028261.3712
> 175340 1
H41 -2299321.8629 06948445.9682 01866037.5500 00000634.8940 -0001419.3662 00007025.3259 02089494.7071 -0028290.4945
> 175341 1
H41 -2298686.0341 06946766.1367 01873062.0118 00000636.7634 -0001425.9719 00007023.5966 02094966.9297 -0028319.3515
> 175342 1
H41 -2298048.3366 06945079.8232 01880084.7409 00000638.6313 -0001432.5764 00007021.8607 02100445.3649 -0028347.9447
> 175343 1
H41 -2297408.7719 06943387.0291 01887105.7309 00000640.4977 -0001439.1799 00007020.1183 02105929.9590 -0028376.2766
> 175344 1
H41 -2296767.3416 06941687.7557 01894124.9753 00000642.3626 -0001445.7824 00007018.3694 02111420.6591 -0028404.3496
> 175345 1
H41 -2296124.0473 06939982.0042 01901142.4676 00000644.2259 -0001452.3837 00007016.6140 02116917.4123 -0028432.1660
> 175346 1
H41 -2295478.8904 06938269.7759 01908158.2012 00000646.0876 -0001458.9840 00007014.8522 02122420.1665 -0028459.7282
> 175347 1
H41 -2294831.8726 06936551.0722 01915172.1697 00000647.9478 -0001465.5831 00007013.0838 02127928.8700 -0028487.0386
> 175348 1
H41 -2294182.9953 06934825.8944 01922184.3667 00000649.8065 -0001472.1811 00007011.3090 02133443.4715 -0028514.0995
> 175349 1
H41 -2293532.2600 06933094.2437 01929194.7855 00000651.6637 -0001478.7781 00007009.5277 02138963.9202 -0028540.9132
> 175350 1
H41 -2292879.6684 06931356.1216 01936203.4198 00000653.5193 -0001485.3739 00007007.7398 02144490.1658 -0028567.4820
> 175351 1
H41 -2292225.2220 06929611.5292 01943210.2631 00000655.3733 -0001491.9686 00007005.9456 02150022.1584 -0028593.8080
> 175352 1
H41 -2291568.9222 06927860.4681 01950215.3088 00000657.2259 -0001498.5622 00007004.1448 02155559.8485 -0028619.8937
> 175353 1
H41 -2290910.7708 06926102.9394 01957218.5505 00000659.0768 -0001505.1546 00007002.3375 02161103.1872 -0028645.7410
> 175354 1
H41 -2290250.7691 06924338.9445 01964219.9817 00000660.9262 -0001511.7459 00007000.5238 02166652.1258 -0028671.3523
> 175355 1
H41 -2289588.9188 06922568.4849 01971219.5959 00000662.7741 -0001518.3360 00006998.7036 02172206.6163 -0028696.7297
> 175356 1
H41 -2288925.2215 06920791.5618 01978217.3867 00000664.6204 -0001524.9250 00006996.8769 02177766.6110 -0028721.8753
> 175357 1
H41 -2288259.6786 06919008.1767 01985213.3476 00000666.4652 -0001531.5128 00006995.0438 02183332.0625 -0028746.7913
> 175358 1
H41 -2287592.2917 06917218.3308 01992207.4722 00000668.3084 -0001538.0995 00006993.2042 02188902.9241 -0028771.4797
> 175359 1
H41 -2286923.0623 06915422.0256 01999199.7538 00000670.1500 -0001544.6850 00006991.3581 02194479.1492 -0028795.9427
> 175360 1
H41 -2286251.9922 06913619.2625 02006190.1861 00000671.9901 -0001551.2693 00006989.5055 02200060.6920 -0028820.1823
> 175361 1
H41 -2285579.0827 06911810.0428 02013178.7627 00000673.8286 -0001557.8524 00006987.6465 02205647.5067 -0028844.2004
> 175362 1
H41 -2284904.3354 06909994.3679 02020165.4770 00000675.6656 -0001564.4343 00006985.7810 02211239.5482 -0028867.9992
> 175363 1
H41 -2284227.7520 06908172.2393 02027150.3225 00000677.5010 -0001571.0150 00006983.9091 02216836.7716 -0028891.5806
> 175364 1
H41 -2283549.3340 06906343.6583 02034133.2929 00000679.3348 -0001577.5945 00006982.0307 02222439.1326 -0028914.9466
> 175365 1
H41 -2282869.0829 06904508.6264 02041114.3817 00000681.1671 -0001584.1728 00006980.1458 02228046.5871 -0028938.0992
> 175366 1
H41 -2282187.0003 06902667.1450 02048093.5824 00000682.9978 -0001590.7499 00006978.2545 02233659.0915 -0028961.0402
> 175367 1
H41 -2281503.0877 06900819.2155 02055070.8885 00000684.8270 -0001597.3257 00006976.3567 02239276.6026 -0028983.7717
> 175368 1
H41 -2280817.3469 06898964.8393 02062046.2936 00000686.6545 -0001603.9003 00006974.4525 02244899.0775 -0029006.2954
> 175369 1
H41 -2280129.7792 06897104.0179 02069019.7912 00000688.4805 -0001610.4737 00006972.5418 02250526.4736 -0029028.6133
> 175370 1
H41 -2279440.3864 06895236.7528 02075991.3750 00000690.3049 -0001617.0459 00006970.6246 02256158.7490 -0029050.7272
> 175371 1
H41 -2278749.1699 06893363.0453 02082961.0384 00000692.1278 -0001623.6167 00006968.7011 02261795.8618 -0029072.6390
> 175372 1
H41 -2278056.1313 06891482.8970 02089928.7750 00000693.9491 -0001630.1864 00006966.7710 02267437.7708 -0029094.3504
> 175373 1
H41 -2277361.2722 06889596.3092 02096894.5783 00000695.7688 -0001636.7547 00006964.8346 02273084.4348 -0029115.8633
> 175374 1
H41 -2276664.5943 06887703.2836 02103858.4419 00000697.5869 -0001643.3218 00006962.8916 02278735.8132 -0029137.1795
> 175375 1
H41 -2275966.0990 06885803.8214 02110820.3594 00000699.4034 -0001649.8876 00006960.9423 02284391.8657 -0029158.3007
> 175376 1
H41 -2275265.7880 06883897.9243 02117780.3243 00000701.2184 -0001656.4522 00006958.9865 02290052.5525 -0029179.2286
> 175377 1
H41 -2274563.6628 06881985.5938 02124738.3303 00000703.0317 -0001663.0154 00006957.0243 02295717.8338 -0029199.9651
> 175378 1
H41 -2273859.7250 06880066.8312 02131694.3707 00000704.8435 -0001669.5774 00006955.0556 02301387.6704 -0029220.5117
> 175379 1
H41 -2273153.9762 06878141.6381 02138648.4393 00000706.6537 -0001676.1380 00006953.0805 02307062.0234 -0029240.8702
> 175380 1
H41 -2272446.4181 06876210.0161 02145600.5296 00000708.4624 -0001682.6973 00006951.0990 02312740.8543 -0029261.0423
> 175381 1
H41 -2271737.0521 06874271.9666 02152550.6351 00000710.2694 -0001689.2554 00006949.1110 02318424.1249 -0029281.0296
> 175382 1
H41 -2271025.8798 06872327.4911 02159498.7494 00000712.0748 -0001695.8121 00006947.1166 02324111.7971 -0029300.8338
> 175383 1
H41 -2270312.9030 06870376.5912 02166444.8662 00000713.8787 -0001702.3674 00006945.1158 02329803.8334 -0029320.4565
> 175384 1
H41 -2269598.1231 06868419.2684 02173388.9789 00000715.6809 -0001708.9215 00006943.1085 02335500.1966 -0029339.8992
> 175385 1
H41 -2268881.5417 06866455.5243 02180331.0811 00000717.4816 -0001715.4742 00006941.0949 02341200.8497 -0029359.1637
> 175386 1
H41 -2268163.1605 06864485.3604 02187271.1665 00000719.2806 -0001722.0255 00006939.0748 02346905.7561 -0029378.2514
> 175387 1
H41 -2267442.9810 06862508.7781 02194209.2286 00000721.0781 -0001728.5755 00006937.0483 02352614.8796 -0029397.1639
> 175388 1
H41 -2266721.0048 06860525.7792 02201145.2609 00000722.8739 -0001735.1242 00006935.0154 02358328.1840 -0029415.9028
> 175389 1
H41 -2265997.2336 06858536.3651 02208079.2572 00000724.6682 -0001741.6714 00006932.9760 02364045.6338 -0029434.4695
> 175390 1
H41 -2265271.6690 06856540.5375 02215011.2109 00000726.4609 -0001748.2173 00006930.9303 02369767.1936 -0029452.8657
> 175391 1
H41 -2264544.3124 06854538.2978 02221941.1156 00000728.2519 -0001754.7618 00006928.8781 02375492.8283 -0029471.0928
> 175392 1
H41 -2263815.1657 06852529.6478 02228868.9650 00000730.0414 -0001761.3050 00006926.8196 02381222.5031 -0029489.1523
> 175393 1
H41 -2263084.2302 06850514.5888 02235794.7526 00000731.8292 -0001767.8467 00006924.7546 02386956.1836 -0029507.0455
> 175394 1
H41 -2262351.5078 06848493.1227 02242718.4720 00000733.6155 -0001774.3871 00006922.6832 02392693.8355 -0029524.7741
> 175395 1
H41 -2261616.9999 06846465.2509 02249640.1169 00000735.4001 -0001780.9260 00006920.6054 02398435.4250 -0029542.3395
> 175396 1
H41 -2260880.7081 06844430.9750 02256559.6807 00000737.1831 -0001787.4635 00006918.5212 02404180.9185 -0029559.7430
> 175397 1
H41 -2260142.6342 06842390.2967 02263477.1572 00000738.9645 -0001793.9996 00006916.4306 02409930.2826 -0029576.9860
> 175398 1
H41 -2259402.7797 06840343.2176 02270392.5399 00000740.7443 -0001800.5343 00006914.3336 02415683.4843 -0029594.0700
> 175399 1
H41 -2258661.1461 06838289.7393 02277305.8224 00000742.5225 -0001807.0676 00006912.2303 02421440.4909 -0029610.9963
> 175400 1
H41 -2257917.7352 06836229.8635 02284216.9983 00000744.2990 -0001813.5994 00006910.1205 02427201.2699 -0029627.7664
> 175401 1
H41 -2257172.5486 06834163.5917 02291126.0612 00000746.0740 -0001820.1298 00006908.0043 02432965.7890 -0029644.3814
> 175402 1
H41 -2256425.5878 06832090.9257 02298033.0048 00000747.8473 -0001826.6587 00006905.8818 02438734.0164 -0029660.8429
> 175403 1
H41 -2255676.8545 06830011.8670 02304937.8226 00000749.6190 -0001833.1862 00006903.7528 02444505.9203 -0029677.1521
> 175404 1
H41 -2254926.3503 06827926.4173 02311840.5083 00000751.3891 -0001839.7122 00006901.6175 02450281.4694 -0029693.3103
> 175405 1
H41 -2254174.0768 06825834.5783 02318741.0554 00000753.1576 -0001846.2368 00006899.4758 02456060.6324 -0029709.3188
> 175406 1
H41 -2253420.0357 06823736.3516 02325639.4577 00000754.9244 -0001852.7599 00006897.3277 02461843.3787 -0029725.1789
> 175407 1
H41 -2252664.2285 06821631.7390 02332535.7086 00000756.6896 -0001859.2814 00006895.1732 02467629.6774 -0029740.8918
> 175408 1
H41 -2251906.6570 06819520.7420 02339429.8019 00000758.4532 -0001865.8016 00006893.0123 02473419.4983 -0029756.4589
> 175409 1
H41 -2251147.3226 06817403.3625 02346321.7312 00000760.2152 -0001872.3202 00006890.8451 02479212.8112 -0029771.8814
> 175410 1
H41 -2250386.2272 06815279.6019 02353211.4900 00000761.9755 -0001878.8373 00006888.6715 02485009.5863 -0029787.1605
> 175411 1
H41 -2249623.3722 06813149.4622 02360099.0720 00000763.7342 -0001885.3529 00006886.4915 02490809.7939 -0029802.2974
> 175412 1
H41 -2248858.7593 06811012.9449 02366984.4709 00000765.4913 -0001891.8670 00006884.3052 02496613.4047 -0029817.2934
> 175413 1
H41 -2248092.3902 06808870.0518 02373867.6802 00000767.2467 -0001898.3796 00006882.1124 02502420.3895 -0029832.1495
> 175414 1
H41 -2247324.2665 06806720.7846 02380748.6937 00000769.0005 -0001904.8906 00006879.9134 02508230.7195 -0029846.8671
> 175415 1
H41 -2246554.3898 06804565.1450 02387627.5048 00000770.7526 -0001911.4001 00006877.7079 02514044.3659 -0029861.4473
> 175416 1
H41 -2245782.7617 06802403.1348 02394504.1073 00000772.5032 -0001917.9081 00006875.4961 02519861.3005 -0029875.8912
> 175417 1
H41 -2245009.3840 06800234.7556 02401378.4949 00000774.2520 -0001924.4146 00006873.2779 02525681.4950 -0029890.2000
> 175418 1
H41 -2244234.2582 06798060.0092 02408250.6611 00000775.9993 -0001930.9195 00006871.0534 02531504.9214 -0029904.3748
> 175419 1
H41 -2243457.3860 06795878.8974 02415120.5995 00000777.7449 -0001937.4228 00006868.8225 02537331.5521 -0029918.4168
> 175420 1
H41 -2242678.7690 06793691.4219 02421988.3040 00000779.4888 -0001943.9246 00006866.5853 02543161.3594 -0029932.3271
> 175421 1
H41 -2241898.4088 06791497.5844 02428853.7680 00000781.2311 -0001950.4248 00006864.3417 02548994.3163 -0029946.1067
> 175422 1
H41 -2241116.3072 06789297.3868 02435716.9852 00000782.9718 -0001956.9234 00006862.0917 02554830.3955 -0029959.7568
> 175423 1
H41 -2240332.4658 06787090.8308 02442577.9493 00000784.7108 -0001963.4204 00006859.8354 02560669.5703 -0029973.2784
> 175424 1
H41 -2239546.8861 06784877.9181 02449436.6540 00000786.4482 -0001969.9159 00006857.5728 02566511.8141 -0029986.6727
> 175425 1
H41 -2238759.5699 06782658.6506 02456293.0928 00000788.1839 -0001976.4097 00006855.3038 02572357.1004 -0029999.9406
> 175426 1
H41 -2237970.5189 06780433.0301 02463147.2595 00000789.9180 -0001982.9020 00006853.0285 02578205.4031 -0030013.0832
> 175427 1
H41 -2237179.7345 06778201.0583 02469999.1477 00000791.6504 -0001989.3927 00006850.7469 02584056.6962 -0030026.1016
> 175428 1
H41 -2236387.2186 06775962.7370 02476848.7511 00000793.3812 -0001995.8817 00006848.4589 02589910.9539 -0030038.9967
> 175429 1
H41 -2235592.9728 06773718.0681 02483696.0634 00000795.1103 -0002002.3691 00006846.1645 02595768.1507 -0030051.7697
> 175430 1
H41 -2234796.9987 06771467.0533 02490541.0781 00000796.8377 -0002008.8549 00006843.8639 02601628.2612 -0030064.4215
> 175431 1
H41 -2233999.2979 06769209.6945 02497383.7890 00000798.5635 -0002015.3391 00006841.5569 02607491.2603 -0030076.9531
> 175432 1
H41 -2233199.8722 06766945.9935 02504224.1897 00000800.2876 -0002021.8216 00006839.2436 02613357.1230 -0030089.3655
> 175433 1
H41 -2232398.7232 06764675.9521 02511062.2740 00000802.0101 -0002028.3025 00006836.9239 02619225.8246 -0030101.6596
> 175434 1
H41 -2231595.8526 06762399.5722 02517898.0354 00000803.7309 -0002034.7817 00006834.5979 02625097.3405 -0030113.8365
> 175435 1
H41 -2230791.2620 06760116.8556 02524731.4677 00000805.4500 -0002041.2593 00006832.2656 02630971.6464 -0030125.8971
> 175436 1
H41 -2229984.9531 06757827.8042 02531562.5646 00000807.1675 -0002047.7352 00006829.9270 02636848.7180 -0030137.8423
> 175437 1
H41 -2229176.9275 06755532.4198 02538391.3197 00000808.8833 -0002054.2094 00006827.5821 02642728.5315 -0030149.6731
> 175438 1
H41 -2228367.1870 06753230.7042 02545217.7267 00000810.5975 -0002060.6820 00006825.2308 02648611.0630 -0030161.3904
> 175439 1
H41 -2227555.7331 06750922.6594 02552041.7792 00000812.3100 -0002067.1528 00006822.8733 02654496.2890 -0030172.9951
> 175440 1
H41 -2226742.5676 06748608.2872 02558863.4711 00000814.0208 -0002073.6220 00006820.5094 02660384.1859 -0030184.4882
> 175441 1
H41 -2225927.6922 06746287.5895 02565682.7959 00000815.7299 -0002080.0895 00006818.1392 02666274.7307 -0030195.8706
> 175442 1
H41 -2225111.1084 06743960.5682 02572499.7474 00000817.4374 -0002086.5553 00006815.7627 02672167.9003 -0030207.1430
> 175443 1
H41 -2224292.8180 06741627.2252 02579314.3193 00000819.1431 -0002093.0194 00006813.3799 02678063.6717 -0030218.3065
> 175444 1
H41 -2223472.8226 06739287.5623 02586126.5052 00000820.8473 -0002099.4818 00006810.9908 02683962.0223 -0030229.3619
> 175445 1
H41 -2222651.1240 06736941.5814 02592936.2989 00000822.5497 -0002105.9424 00006808.5954 02689862.9297 -0030240.3101
> 175446 1
H41 -2221827.7238 06734589.2846 02599743.6940 00000824.2505 -0002112.4013 00006806.1937 02695766.3714 -0030251.1519
> 175447 1
H41 -2221002.6237 06732230.6736 02606548.6842 00000825.9495 -0002118.8585 00006803.7857 02701672.3253 -0030261.8882
> 175448 1
H41 -2220175.8253 06729865.7505 02613351.2634 00000827.6469 -0002125.3139 00006801.3715 02707580.7694 -0030272.5198
> 175449 1
H41 -2219347.3303 06727494.5171 02620151.4250 00000829.3427 -0002131.7676 00006798.9509 02713491.6819 -0030283.0475
> 175450 1
H41 -2218517.1405 06725116.9754 02626949.1630 00000831.0367 -0002138.2196 00006796.5240 02719405.0412 -0030293.4722
> 175451 1
H41 -2217685.2575 06722733.1273 02633744.4710 00000832.7291 -0002144.6698 00006794.0909 02725320.8257 -0030303.7947
> 175452 1
H41 -2216851.6830 06720342.9748 02640537.3426 00000834.4197 -0002151.1182 00006791.6514 02731239.0142 -0030314.0158
> 175453 1
H41 -2216016.4186 06717946.5198 02647327.7717 00000836.1087 -0002157.5649 00006789.2057 02737159.5855 -0030324.1363
> 175454 1
H41 -2215179.4661 06715543.7642 02654115.7520 00000837.7960 -0002164.0097 00006786.7537 02743082.5186 -0030334.1570
> 175455 1
H41 -2214340.8272 06713134.7101 02660901.2770 00000839.4816 -0002170.4528 00006784.2954 02749007.7926 -0030344.0787
> 175456 1
H41 -2213500.5035 06710719.3594 02667684.3407 00000841.1655 -0002176.8941 00006781.8309 02754935.3870 -0030353.9022
> 175457 1
H41 -2212658.4967 06708297.7140 02674464.9367 00000842.8477 -0002183.3336 00006779.3600 02760865.2811 -0030363.6282
> 175458 1
H41 -2211814.8086 06705869.7761 02681243.0587 00000844.5283 -0002189.7713 00006776.8829 02766797.4547 -0030373.2575
> 175459 1
H41 -2210969.4407 06703435.5475 02688018.7005 00000846.2071 -0002196.2072 00006774.3996 02772731.8875 -0030382.7908
> 175460 1
H41 -2210122.3949 06700995.0302 02694791.8557 00000847.8842 -0002202.6413 00006771.9099 02778668.5595 -0030392.2289
