##接收机参考位置（LLH）123.503 0 1000
##接收机参考位置（ECEF）-3521160.1667 5319287.5411 0
##initialTime     174809
##endTime         175344
##obsTimeLength   536
##数据格式：satx saty satz satvx satvy satvz rangeObs dopplerObs
##rangeObs = range + receiverClcError
##dopplerObs = doppler + receiverClcDriftError
##信号类型为:3-2, 频率为:1520000000赫兹
##观测卫星个数：1
##end of head
> 174809 1
H41 -2340474.0223 06913676.3661 -1942456.9485 -0000528.3924 00002077.5443 00007006.1388 02776558.3879 00019941.6992
> 174810 1
H41 -2341001.2080 06915462.7843 -1935449.9124 -0000525.9791 00002071.2766 00007007.9324 02772464.3972 00019893.5070
> 174811 1
H41 -2341525.9806 06917242.9191 -1928441.0859 -0000523.5662 00002065.0066 00007009.7195 02768379.4949 00019845.0945
> 174812 1
H41 -2342048.3405 06919016.7682 -1921430.4756 -0000521.1537 00002058.7344 00007011.5001 02764303.7247 00019796.4611
> 174813 1
H41 -2342568.2881 06920784.3299 -1914418.0878 -0000518.7416 00002052.4598 00007013.2743 02760237.1303 00019747.6060
> 174814 1
H41 -2343085.8239 06922545.6021 -1907403.9292 -0000516.3300 00002046.1830 00007015.0419 02756179.7554 00019698.5285
> 174815 1
H41 -2343600.9483 06924300.5829 -1900388.0061 -0000513.9189 00002039.9039 00007016.8031 02752131.6443 00019649.2278
> 174816 1
H41 -2344113.6618 06926049.2702 -1893370.3252 -0000511.5082 00002033.6226 00007018.5578 02748092.8409 00019599.7033
> 174817 1
H41 -2344623.9649 06927791.6621 -1886350.8928 -0000509.0979 00002027.3390 00007020.3059 02744063.3897 00019549.9542
> 174818 1
H41 -2345131.8578 06929527.7567 -1879329.7155 -0000506.6881 00002021.0531 00007022.0476 02740043.3352 00019499.9798
> 174819 1
H41 -2345637.3412 06931257.5520 -1872306.7997 -0000504.2787 00002014.7650 00007023.7828 02736032.7219 00019449.7794
> 174820 1
H41 -2346140.4155 06932981.0461 -1865282.1520 -0000501.8698 00002008.4747 00007025.5115 02732031.5946 00019399.3522
> 174821 1
H41 -2346641.0810 06934698.2370 -1858255.7788 -0000499.4614 00002002.1822 00007027.2337 02728039.9983 00019348.6976
> 174822 1
H41 -2347139.3384 06936409.1228 -1851227.6868 -0000497.0534 00001995.8874 00007028.9494 02724057.9780 00019297.8148
> 174823 1
H41 -2347635.1880 06938113.7016 -1844197.8822 -0000494.6459 00001989.5904 00007030.6586 02720085.5789 00019246.7032
> 174824 1
H41 -2348128.6303 06939811.9714 -1837166.3717 -0000492.2388 00001983.2912 00007032.3613 02716122.8465 00019195.3620
> 174825 1
H41 -2348619.6658 06941503.9304 -1830133.1618 -0000489.8322 00001976.9897 00007034.0575 02712169.8263 00019143.7905
> 174826 1
H41 -2349108.2949 06943189.5767 -1823098.2590 -0000487.4261 00001970.6861 00007035.7471 02708226.5638 00019091.9881
> 174827 1
H41 -2349594.5182 06944868.9083 -1816061.6697 -0000485.0205 00001964.3803 00007037.4303 02704293.1049 00019039.9540
> 174828 1
H41 -2350078.3360 06946541.9233 -1809023.4005 -0000482.6153 00001958.0723 00007039.1070 02700369.4956 00018987.6876
> 174829 1
H41 -2350559.7489 06948208.6199 -1801983.4579 -0000480.2106 00001951.7621 00007040.7771 02696455.7820 00018935.1882
> 174830 1
H41 -2351038.7573 06949868.9961 -1794941.8485 -0000477.8064 00001945.4498 00007042.4408 02692552.0103 00018882.4550
> 174831 1
H41 -2351515.3618 06951523.0501 -1787898.5786 -0000475.4026 00001939.1352 00007044.0979 02688658.2270 00018829.4874
> 174832 1
H41 -2351989.5628 06953170.7801 -1780853.6549 -0000472.9994 00001932.8185 00007045.7485 02684774.4784 00018776.2848
> 174833 1
H41 -2352461.3607 06954812.1841 -1773807.0838 -0000470.5966 00001926.4997 00007047.3926 02680900.8114 00018722.8464
> 174834 1
H41 -2352930.7562 06956447.2603 -1766758.8719 -0000468.1944 00001920.1786 00007049.0301 02677037.2727 00018669.1717
> 174835 1
H41 -2353397.7496 06958076.0069 -1759709.0257 -0000465.7926 00001913.8555 00007050.6612 02673183.9093 00018615.2598
> 174836 1
H41 -2353862.3415 06959698.4219 -1752657.5517 -0000463.3913 00001907.5302 00007052.2857 02669340.7683 00018561.1103
> 174837 1
H41 -2354324.5324 06961314.5036 -1745604.4565 -0000460.9905 00001901.2028 00007053.9037 02665507.8970 00018506.7223
> 174838 1
H41 -2354784.3227 06962924.2502 -1738549.7465 -0000458.5902 00001894.8732 00007055.5152 02661685.3426 00018452.0954
> 174839 1
H41 -2355241.7130 06964527.6596 -1731493.4283 -0000456.1904 00001888.5415 00007057.1201 02657873.1527 00018397.2287
> 174840 1
H41 -2355696.7037 06966124.7303 -1724435.5084 -0000453.7912 00001882.2077 00007058.7186 02654071.3751 00018342.1218
> 174841 1
H41 -2356149.2955 06967715.4603 -1717375.9934 -0000451.3924 00001875.8718 00007060.3104 02650280.0573 00018286.7739
> 174842 1
H41 -2356599.4887 06969299.8478 -1710314.8897 -0000448.9941 00001869.5338 00007061.8958 02646499.2475 00018231.1844
> 174843 1
H41 -2357047.2839 06970877.8911 -1703252.2039 -0000446.5964 00001863.1937 00007063.4746 02642728.9935 00018175.3528
> 174844 1
H41 -2357492.6816 06972449.5882 -1696187.9426 -0000444.1991 00001856.8515 00007065.0469 02638969.3437 00018119.2783
> 174845 1
H41 -2357935.6823 06974014.9375 -1689122.1123 -0000441.8024 00001850.5072 00007066.6127 02635220.3464 00018062.9604
> 174846 1
H41 -2358376.2866 06975573.9371 -1682054.7194 -0000439.4062 00001844.1608 00007068.1719 02631482.0499 00018006.3985
> 174847 1
H41 -2358814.4950 06977126.5853 -1674985.7706 -0000437.0106 00001837.8123 00007069.7246 02627754.5029 00017949.5919
> 174848 1
H41 -2359250.3079 06978672.8802 -1667915.2724 -0000434.6154 00001831.4618 00007071.2707 02624037.7540 00017892.5401
> 174849 1
H41 -2359683.7259 06980212.8202 -1660843.2313 -0000432.2208 00001825.1092 00007072.8103 02620331.8522 00017835.2425
> 174850 1
H41 -2360114.7496 06981746.4034 -1653769.6539 -0000429.8267 00001818.7546 00007074.3434 02616636.8464 00017777.6985
> 174851 1
H41 -2360543.3795 06983273.6280 -1646694.5467 -0000427.4331 00001812.3979 00007075.8699 02612952.7857 00017719.9075
> 174852 1
H41 -2360969.6161 06984794.4924 -1639617.9162 -0000425.0401 00001806.0392 00007077.3899 02609279.7192 00017661.8689
> 174853 1
H41 -2361393.4599 06986308.9948 -1632539.7691 -0000422.6476 00001799.6784 00007078.9033 02605617.6964 00017603.5823
> 174854 1
H41 -2361814.9115 06987817.1334 -1625460.1118 -0000420.2557 00001793.3156 00007080.4102 02601966.7667 00017545.0469
> 174855 1
H41 -2362233.9714 06989318.9065 -1618378.9509 -0000417.8642 00001786.9507 00007081.9105 02598326.9797 00017486.2624
> 174856 1
H41 -2362650.6401 06990814.3124 -1611296.2929 -0000415.4734 00001780.5839 00007083.4043 02594698.3850 00017427.2280
> 174857 1
H41 -2363064.9183 06992303.3493 -1604212.1445 -0000413.0831 00001774.2150 00007084.8915 02591081.0326 00017367.9434
> 174858 1
H41 -2363476.8064 06993786.0155 -1597126.5121 -0000410.6933 00001767.8441 00007086.3722 02587474.9723 00017308.4079
> 174859 1
H41 -2363886.3051 06995262.3093 -1590039.4023 -0000408.3041 00001761.4713 00007087.8463 02583880.2541 00017248.6211
> 174860 1
H41 -2364293.4148 06996732.2291 -1582950.8217 -0000405.9154 00001755.0964 00007089.3139 02580296.9283 00017188.5824
> 174861 1
H41 -2364698.1361 06998195.7731 -1575860.7768 -0000403.5273 00001748.7195 00007090.7749 02576725.0452 00017128.2914
> 174862 1
H41 -2365100.4696 06999652.9395 -1568769.2741 -0000401.1398 00001742.3407 00007092.2293 02573164.6551 00017067.7474
> 174863 1
H41 -2365500.4158 07001103.7269 -1561676.3203 -0000398.7528 00001735.9599 00007093.6772 02569615.8085 00017006.9501
> 174864 1
H41 -2365897.9753 07002548.1333 -1554581.9219 -0000396.3664 00001729.5771 00007095.1185 02566078.5560 00016945.8990
> 174865 1
H41 -2366293.1487 07003986.1572 -1547486.0855 -0000393.9805 00001723.1923 00007096.5533 02562552.9484 00016884.5935
> 174866 1
H41 -2366685.9365 07005417.7969 -1540388.8176 -0000391.5952 00001716.8056 00007097.9814 02559039.0365 00016823.0333
> 174867 1
H41 -2367076.3393 07006843.0508 -1533290.1248 -0000389.2105 00001710.4169 00007099.4031 02555536.8712 00016761.2178
> 174868 1
H41 -2367464.3577 07008261.9171 -1526190.0137 -0000386.8263 00001704.0263 00007100.8181 02552046.5035 00016699.1466
> 174869 1
H41 -2367849.9922 07009674.3942 -1519088.4907 -0000384.4428 00001697.6337 00007102.2266 02548567.9845 00016636.8193
> 174870 1
H41 -2368233.2434 07011080.4805 -1511985.5626 -0000382.0598 00001691.2392 00007103.6285 02545101.3655 00016574.2354
> 174871 1
H41 -2368614.1120 07012480.1743 -1504881.2359 -0000379.6774 00001684.8427 00007105.0239 02541646.6979 00016511.3945
> 174872 1
H41 -2368992.5984 07013873.4741 -1497775.5170 -0000377.2956 00001678.4444 00007106.4127 02538204.0329 00016448.2963
> 174873 1
H41 -2369368.7033 07015260.3781 -1490668.4127 -0000374.9143 00001672.0441 00007107.7949 02534773.4222 00016384.9403
> 174874 1
H41 -2369742.4272 07016640.8847 -1483559.9295 -0000372.5337 00001665.6419 00007109.1705 02531354.9173 00016321.3260
> 174875 1
H41 -2370113.7708 07018014.9924 -1476450.0739 -0000370.1536 00001659.2378 00007110.5395 02527948.5699 00016257.4532
> 174876 1
H41 -2370482.7347 07019382.6995 -1469338.8526 -0000367.7741 00001652.8319 00007111.9020 02524554.4319 00016193.3215
> 174877 1
H41 -2370849.3193 07020744.0044 -1462226.2721 -0000365.3953 00001646.4240 00007113.2579 02521172.5550 00016128.9305
> 174878 1
H41 -2371213.5254 07022098.9055 -1455112.3390 -0000363.0170 00001640.0142 00007114.6072 02517802.9912 00016064.2798
> 174879 1
H41 -2371575.3535 07023447.4012 -1447997.0598 -0000360.6393 00001633.6025 00007115.9500 02514445.7926 00015999.3691
> 174880 1
H41 -2371934.8043 07024789.4900 -1440880.4412 -0000358.2623 00001627.1890 00007117.2861 02511101.0113 00015934.1981
> 174881 1
H41 -2372291.8783 07026125.1702 -1433762.4898 -0000355.8858 00001620.7736 00007118.6157 02507768.6994 00015868.7664
> 174882 1
H41 -2372646.5761 07027454.4404 -1426643.2120 -0000353.5099 00001614.3564 00007119.9387 02504448.9092 00015803.0738
> 174883 1
H41 -2372998.8984 07028777.2988 -1419522.6146 -0000351.1347 00001607.9373 00007121.2551 02501141.6932 00015737.1199
> 174884 1
H41 -2373348.8457 07030093.7439 -1412400.7041 -0000348.7601 00001601.5163 00007122.5649 02497847.1036 00015670.9045
> 174885 1
H41 -2373696.4187 07031403.7743 -1405277.4871 -0000346.3860 00001595.0935 00007123.8681 02494565.1929 00015604.4273
> 174886 1
H41 -2374041.6180 07032707.3883 -1398152.9701 -0000344.0126 00001588.6688 00007125.1647 02491296.0138 00015537.6880
> 174887 1
H41 -2374384.4442 07034004.5844 -1391027.1598 -0000341.6399 00001582.2424 00007126.4548 02488039.6188 00015470.6864
> 174888 1
H41 -2374724.8979 07035295.3610 -1383900.0628 -0000339.2677 00001575.8141 00007127.7382 02484796.0606 00015403.4222
> 174889 1
H41 -2375062.9798 07036579.7166 -1376771.6856 -0000336.8962 00001569.3839 00007129.0151 02481565.3920 00015335.8953
> 174890 1
H41 -2375398.6904 07037857.6498 -1369642.0349 -0000334.5252 00001562.9520 00007130.2853 02478347.6657 00015268.1053
> 174891 1
H41 -2375732.0305 07039129.1589 -1362511.1172 -0000332.1550 00001556.5182 00007131.5490 02475142.9345 00015200.0521
> 174892 1
H41 -2376063.0005 07040394.2425 -1355378.9391 -0000329.7853 00001550.0827 00007132.8061 02471951.2515 00015131.7355
> 174893 1
H41 -2376391.6013 07041652.8990 -1348245.5073 -0000327.4163 00001543.6454 00007134.0565 02468772.6695 00015063.1553
> 174894 1
H41 -2376717.8334 07042905.1270 -1341110.8283 -0000325.0479 00001537.2062 00007135.3004 02465607.2416 00014994.3115
> 174895 1
H41 -2377041.6974 07044150.9249 -1333974.9087 -0000322.6802 00001530.7653 00007136.5377 02462455.0208 00014925.2037
> 174896 1
H41 -2377363.1939 07045390.2913 -1326837.7551 -0000320.3131 00001524.3226 00007137.7683 02459316.0601 00014855.8319
> 174897 1
H41 -2377682.3237 07046623.2246 -1319699.3742 -0000317.9466 00001517.8782 00007138.9924 02456190.4128 00014786.1959
> 174898 1
H41 -2377999.0874 07047849.7235 -1312559.7725 -0000315.5808 00001511.4319 00007140.2099 02453078.1320 00014716.2957
> 174899 1
H41 -2378313.4856 07049069.7863 -1305418.9567 -0000313.2157 00001504.9839 00007141.4207 02449979.2709 00014646.1312
> 174900 1
H41 -2378625.5190 07050283.4117 -1298276.9333 -0000310.8512 00001498.5342 00007142.6250 02446893.8828 00014575.7022
> 174901 1
H41 -2378935.1881 07051490.5982 -1291133.7090 -0000308.4873 00001492.0827 00007143.8226 02443822.0208 00014505.0087
> 174902 1
H41 -2379242.4938 07052691.3444 -1283989.2903 -0000306.1241 00001485.6295 00007145.0136 02440763.7384 00014434.0507
> 174903 1
H41 -2379547.4365 07053885.6487 -1276843.6839 -0000303.7615 00001479.1745 00007146.1981 02437719.0889 00014362.8281
> 174904 1
H41 -2379850.0171 07055073.5098 -1269696.8964 -0000301.3997 00001472.7178 00007147.3759 02434688.1255 00014291.3408
> 174905 1
H41 -2380150.2361 07056254.9262 -1262548.9343 -0000299.0384 00001466.2594 00007148.5471 02431670.9016 00014219.5890
> 174906 1
H41 -2380448.0942 07057429.8964 -1255399.8044 -0000296.6779 00001459.7993 00007149.7117 02428667.4707 00014147.5725
> 174907 1
H41 -2380743.5921 07058598.4191 -1248249.5132 -0000294.3180 00001453.3375 00007150.8697 02425677.8861 00014075.2915
> 174908 1
H41 -2381036.7304 07059760.4929 -1241098.0673 -0000291.9588 00001446.8739 00007152.0210 02422702.2013 00014002.7459
> 174909 1
H41 -2381327.5099 07060916.1162 -1233945.4733 -0000289.6002 00001440.4087 00007153.1658 02419740.4695 00013929.9358
> 174910 1
H41 -2381615.9311 07062065.2878 -1226791.7380 -0000287.2424 00001433.9418 00007154.3039 02416792.7443 00013856.8612
> 174911 1
H41 -2381901.9948 07063208.0062 -1219636.8678 -0000284.8852 00001427.4732 00007155.4354 02413859.0791 00013783.5223
> 174912 1
H41 -2382185.7017 07064344.2700 -1212480.8694 -0000282.5287 00001421.0029 00007156.5603 02410939.5272 00013709.9192
> 174913 1
H41 -2382467.0524 07065474.0778 -1205323.7494 -0000280.1728 00001414.5309 00007157.6786 02408034.1422 00013636.0520
> 174914 1
H41 -2382746.0476 07066597.4283 -1198165.5144 -0000277.8177 00001408.0573 00007158.7902 02405142.9772 00013561.9207
> 174915 1
H41 -2383022.6880 07067714.3200 -1191006.1711 -0000275.4632 00001401.5820 00007159.8953 02402266.0859 00013487.5257
> 174916 1
H41 -2383296.9743 07068824.7517 -1183845.7261 -0000273.1094 00001395.1051 00007160.9937 02399403.5215 00013412.8669
> 174917 1
H41 -2383568.9071 07069928.7219 -1176684.1860 -0000270.7564 00001388.6265 00007162.0854 02396555.3373 00013337.9447
> 174918 1
H41 -2383838.4872 07071026.2292 -1169521.5574 -0000268.4040 00001382.1462 00007163.1706 02393721.5868 00013262.7591
> 174919 1
H41 -2384105.7153 07072117.2724 -1162357.8470 -0000266.0523 00001375.6644 00007164.2491 02390902.3232 00013187.3105
> 174920 1
H41 -2384370.5920 07073201.8501 -1155193.0614 -0000263.7013 00001369.1809 00007165.3210 02388097.5998 00013111.5991
> 174921 1
H41 -2384633.1181 07074279.9609 -1148027.2072 -0000261.3510 00001362.6958 00007166.3863 02385307.4699 00013035.6251
> 174922 1
H41 -2384893.2942 07075351.6034 -1140860.2910 -0000259.0014 00001356.2090 00007167.4450 02382531.9866 00012959.3888
> 174923 1
H41 -2385151.1211 07076416.7765 -1133692.3195 -0000256.6525 00001349.7207 00007168.4970 02379771.2032 00012882.8904
> 174924 1
H41 -2385406.5995 07077475.4787 -1126523.2992 -0000254.3043 00001343.2307 00007169.5424 02377025.1727 00012806.1304
> 174925 1
H41 -2385659.7300 07078527.7088 -1119353.2370 -0000251.9569 00001336.7392 00007170.5811 02374293.9483 00012729.1090
> 174926 1
H41 -2385910.5135 07079573.4654 -1112182.1392 -0000249.6101 00001330.2460 00007171.6132 02371577.5830 00012651.8265
> 174927 1
H41 -2386158.9505 07080612.7472 -1105010.0127 -0000247.2641 00001323.7513 00007172.6387 02368876.1297 00012574.2834
> 174928 1
H41 -2386405.0418 07081645.5529 -1097836.8640 -0000244.9187 00001317.2550 00007173.6576 02366189.6415 00012496.4800
> 174929 1
H41 -2386648.7882 07082671.8813 -1090662.6998 -0000242.5741 00001310.7571 00007174.6698 02363518.1711 00012418.4166
> 174930 1
H41 -2386890.1904 07083691.7310 -1083487.5267 -0000240.2303 00001304.2577 00007175.6754 02360861.7714 00012340.0939
> 174931 1
H41 -2387129.2490 07084705.1007 -1076311.3513 -0000237.8871 00001297.7567 00007176.6743 02358220.4951 00012261.5120
> 174932 1
H41 -2387365.9648 07085711.9893 -1069134.1803 -0000235.5447 00001291.2541 00007177.6666 02355594.3949 00012182.6716
> 174933 1
H41 -2387600.3386 07086712.3954 -1061956.0203 -0000233.2030 00001284.7500 00007178.6523 02352983.5233 00012103.5731
> 174934 1
H41 -2387832.3710 07087706.3177 -1054776.8779 -0000230.8620 00001278.2443 00007179.6313 02350387.9329 00012024.2171
> 174935 1
H41 -2388062.0628 07088693.7551 -1047596.7599 -0000228.5218 00001271.7371 00007180.6037 02347807.6762 00011944.6039
> 174936 1
H41 -2388289.4147 07089674.7062 -1040415.6728 -0000226.1823 00001265.2284 00007181.5694 02345242.8053 00011864.7342
> 174937 1
H41 -2388514.4276 07090649.1698 -1033233.6233 -0000223.8435 00001258.7182 00007182.5285 02342693.3727 00011784.6085
> 174938 1
H41 -2388737.1020 07091617.1448 -1026050.6180 -0000221.5055 00001252.2064 00007183.4810 02340159.4304 00011704.2273
> 174939 1
H41 -2388957.4387 07092578.6297 -1018866.6636 -0000219.1682 00001245.6931 00007184.4268 02337641.0305 00011623.5914
> 174940 1
H41 -2389175.4386 07093533.6235 -1011681.7667 -0000216.8316 00001239.1783 00007185.3659 02335138.2250 00011542.7013
> 174941 1
H41 -2389391.1023 07094482.1249 -1004495.9339 -0000214.4959 00001232.6621 00007186.2984 02332651.0657 00011461.5576
> 174942 1
H41 -2389604.4305 07095424.1326 -0997309.1720 -0000212.1608 00001226.1443 00007187.2243 02330179.6044 00011380.1610
> 174943 1
H41 -2389815.4242 07096359.6456 -0990121.4875 -0000209.8265 00001219.6250 00007188.1435 02327723.8926 00011298.5122
> 174944 1
H41 -2390024.0839 07097288.6625 -0982932.8872 -0000207.4930 00001213.1043 00007189.0561 02325283.9819 00011216.6119
> 174945 1
H41 -2390230.4104 07098211.1822 -0975743.3776 -0000205.1602 00001206.5821 00007189.9620 02322859.9237 00011134.4608
> 174946 1
H41 -2390434.4045 07099127.2035 -0968552.9654 -0000202.8282 00001200.0584 00007190.8613 02320451.7692 00011052.0596
> 174947 1
H41 -2390636.0671 07100036.7252 -0961361.6572 -0000200.4969 00001193.5332 00007191.7539 02318059.5695 00010969.4092
> 174948 1
H41 -2390835.3987 07100939.7462 -0954169.4598 -0000198.1665 00001187.0066 00007192.6399 02315683.3757 00010886.5102
> 174949 1
H41 -2391032.4002 07101836.2652 -0946976.3797 -0000195.8367 00001180.4786 00007193.5192 02313323.2386 00010803.3636
> 174950 1
H41 -2391227.0724 07102726.2812 -0939782.4237 -0000193.5078 00001173.9491 00007194.3918 02310979.2088 00010719.9701
> 174951 1
H41 -2391419.4160 07103609.7928 -0932587.5983 -0000191.1796 00001167.4181 00007195.2578 02308651.3370 00010636.3305
> 174952 1
H41 -2391609.4318 07104486.7991 -0925391.9102 -0000188.8522 00001160.8858 00007196.1172 02306339.6736 00010552.4459
> 174953 1
H41 -2391797.1206 07105357.2988 -0918195.3662 -0000186.5255 00001154.3520 00007196.9699 02304044.2688 00010468.3169
> 174954 1
H41 -2391982.4832 07106221.2909 -0910997.9727 -0000184.1997 00001147.8168 00007197.8159 02301765.1726 00010383.9447
> 174955 1
H41 -2392165.5202 07107078.7741 -0903799.7366 -0000181.8746 00001141.2802 00007198.6553 02299502.4351 00010299.3300
> 174956 1
H41 -2392346.2326 07107929.7473 -0896600.6644 -0000179.5503 00001134.7421 00007199.4880 02297256.1059 00010214.4739
> 174957 1
H41 -2392524.6211 07108774.2095 -0889400.7629 -0000177.2268 00001128.2027 00007200.3140 02295026.2347 00010129.3774
> 174958 1
H41 -2392700.6864 07109612.1595 -0882200.0386 -0000174.9040 00001121.6619 00007201.1334 02292812.8708 00010044.0414
> 174959 1
H41 -2392874.4294 07110443.5961 -0874998.4982 -0000172.5821 00001115.1197 00007201.9462 02290616.0635 00009958.4670
> 174960 1
H41 -2393045.8509 07111268.5184 -0867796.1485 -0000170.2610 00001108.5761 00007202.7522 02288435.8617 00009872.6552
> 174961 1
H41 -2393214.9516 07112086.9252 -0860592.9960 -0000167.9406 00001102.0312 00007203.5516 02286272.3144 00009786.6071
> 174962 1
H41 -2393381.7324 07112898.8154 -0853389.0475 -0000165.6210 00001095.4848 00007204.3444 02284125.4702 00009700.3239
> 174963 1
H41 -2393546.1940 07113704.1879 -0846184.3095 -0000163.3023 00001088.9371 00007205.1305 02281995.3774 00009613.8065
> 174964 1
H41 -2393708.3372 07114503.0416 -0838978.7888 -0000160.9843 00001082.3881 00007205.9099 02279882.0844 00009527.0562
> 174965 1
H41 -2393868.1629 07115295.3755 -0831772.4920 -0000158.6672 00001075.8377 00007206.6826 02277785.6392 00009440.0741
> 174966 1
H41 -2394025.6718 07116081.1885 -0824565.4258 -0000156.3508 00001069.2860 00007207.4487 02275706.0896 00009352.8614
> 174967 1
H41 -2394180.8648 07116860.4796 -0817357.5968 -0000154.0353 00001062.7329 00007208.2081 02273643.4831 00009265.4193
> 174968 1
H41 -2394333.7427 07117633.2477 -0810149.0117 -0000151.7205 00001056.1785 00007208.9609 02271597.8672 00009177.7490
> 174969 1
H41 -2394484.3062 07118399.4917 -0802939.6773 -0000149.4066 00001049.6227 00007209.7069 02269569.2890 00009089.8519
> 174970 1
H41 -2394632.5562 07119159.2106 -0795729.6001 -0000147.0935 00001043.0657 00007210.4464 02267557.7953 00009001.7291
> 174971 1
H41 -2394778.4935 07119912.4033 -0788518.7868 -0000144.7812 00001036.5073 00007211.1791 02265563.4330 00008913.3820
> 174972 1
H41 -2394922.1189 07120659.0689 -0781307.2441 -0000142.4697 00001029.9477 00007211.9052 02263586.2483 00008824.8119
> 174973 1
H41 -2395063.4332 07121399.2063 -0774094.9787 -0000140.1591 00001023.3867 00007212.6246 02261626.2875 00008736.0201
> 174974 1
H41 -2395202.4374 07122132.8145 -0766881.9972 -0000137.8493 00001016.8244 00007213.3373 02259683.5965 00008647.0080
> 174975 1
H41 -2395339.1321 07122859.8925 -0759668.3063 -0000135.5403 00001010.2609 00007214.0433 02257758.2210 00008557.7771
> 174976 1
H41 -2395473.5182 07123580.4392 -0752453.9128 -0000133.2321 00001003.6961 00007214.7427 02255850.2064 00008468.3286
> 174977 1
H41 -2395605.5965 07124294.4537 -0745238.8231 -0000130.9247 00000997.1300 00007215.4354 02253959.5978 00008378.6641
> 174978 1
H41 -2395735.3679 07125001.9350 -0738023.0441 -0000128.6182 00000990.5626 00007216.1215 02252086.4402 00008288.7851
> 174979 1
H41 -2395862.8333 07125702.8821 -0730806.5824 -0000126.3126 00000983.9939 00007216.8008 02250230.7781 00008198.6929
> 174980 1
H41 -2395987.9933 07126397.2940 -0723589.4447 -0000124.0077 00000977.4241 00007217.4735 02248392.6560 00008108.3891
> 174981 1
H41 -2396110.8490 07127085.1698 -0716371.6377 -0000121.7037 00000970.8529 00007218.1395 02246572.1177 00008017.8753
> 174982 1
H41 -2396231.4010 07127766.5084 -0709153.1679 -0000119.4006 00000964.2805 00007218.7988 02244769.2071 00007927.1529
> 174983 1
H41 -2396349.6503 07128441.3089 -0701934.0422 -0000117.0982 00000957.7069 00007219.4515 02242983.9677 00007836.2237
> 174984 1
H41 -2396465.5978 07129109.5704 -0694714.2672 -0000114.7968 00000951.1321 00007220.0975 02241216.4426 00007745.0890
> 174985 1
H41 -2396579.2442 07129771.2918 -0687493.8496 -0000112.4961 00000944.5560 00007220.7367 02239466.6747 00007653.7507
> 174986 1
H41 -2396690.5903 07130426.4724 -0680272.7960 -0000110.1964 00000937.9787 00007221.3694 02237734.7065 00007562.2103
> 174987 1
H41 -2396799.6372 07131075.1110 -0673051.1131 -0000107.8975 00000931.4002 00007221.9953 02236020.5804 00007470.4695
> 174988 1
H41 -2396906.3855 07131717.2069 -0665828.8076 -0000105.5994 00000924.8205 00007222.6145 02234324.3382 00007378.5300
> 174989 1
H41 -2397010.8362 07132352.7590 -0658605.8862 -0000103.3022 00000918.2396 00007223.2271 02232646.0215 00007286.3935
> 174990 1
H41 -2397112.9902 07132981.7664 -0651382.3556 -0000101.0058 00000911.6575 00007223.8330 02230985.6718 00007194.0617
> 174991 1
H41 -2397212.8482 07133604.2283 -0644158.2224 -0000098.7103 00000905.0742 00007224.4322 02229343.3298 00007101.5364
> 174992 1
H41 -2397310.4112 07134220.1437 -0636933.4934 -0000096.4157 00000898.4897 00007225.0247 02227719.0362 00007008.8194
> 174993 1
H41 -2397405.6799 07134829.5117 -0629708.1752 -0000094.1220 00000891.9041 00007225.6106 02226112.8315 00006915.9124
> 174994 1
H41 -2397498.6554 07135432.3314 -0622482.2745 -0000091.8291 00000885.3173 00007226.1897 02224524.7554 00006822.8174
> 174995 1
H41 -2397589.3384 07136028.6020 -0615255.7979 -0000089.5371 00000878.7293 00007226.7622 02222954.8476 00006729.5361
> 174996 1
H41 -2397677.7298 07136618.3225 -0608028.7523 -0000087.2459 00000872.1402 00007227.3280 02221403.1473 00006636.0704
> 174997 1
H41 -2397763.8305 07137201.4921 -0600801.1441 -0000084.9557 00000865.5499 00007227.8871 02219869.6935 00006542.4222
> 174998 1
H41 -2397847.6414 07137778.1099 -0593572.9803 -0000082.6663 00000858.9585 00007228.4395 02218354.5246 00006448.5934
> 174999 1
H41 -2397929.1633 07138348.1751 -0586344.2673 -0000080.3778 00000852.3660 00007228.9853 02216857.6789 00006354.5860
> 175000 1
H41 -2398008.3972 07138911.6867 -0579115.0120 -0000078.0901 00000845.7723 00007229.5243 02215379.1941 00006260.4019
> 175001 1
H41 -2398085.3439 07139468.6440 -0571885.2210 -0000075.8034 00000839.1775 00007230.0567 02213919.1077 00006166.0431
> 175002 1
H41 -2398160.0042 07140019.0460 -0564654.9009 -0000073.5175 00000832.5816 00007230.5823 02212477.4568 00006071.5115
> 175003 1
H41 -2398232.3792 07140562.8920 -0557424.0586 -0000071.2325 00000825.9845 00007231.1013 02211054.2779 00005976.8093
> 175004 1
H41 -2398302.4696 07141100.1811 -0550192.7006 -0000068.9485 00000819.3864 00007231.6136 02209649.6074 00005881.9384
> 175005 1
H41 -2398370.2764 07141630.9125 -0542960.8336 -0000066.6653 00000812.7871 00007232.1192 02208263.4811 00005786.9009
> 175006 1
H41 -2398435.8005 07142155.0854 -0535728.4644 -0000064.3830 00000806.1868 00007232.6181 02206895.9346 00005691.6989
> 175007 1
H41 -2398499.0427 07142672.6989 -0528495.5996 -0000062.1016 00000799.5854 00007233.1103 02205547.0030 00005596.3345
> 175008 1
H41 -2398560.0040 07143183.7523 -0521262.2460 -0000059.8211 00000792.9829 00007233.5958 02204216.7209 00005500.8098
> 175009 1
H41 -2398618.6852 07143688.2447 -0514028.4102 -0000057.5415 00000786.3793 00007234.0747 02202905.1226 00005405.1269
> 175010 1
H41 -2398675.0873 07144186.1753 -0506794.0989 -0000055.2628 00000779.7747 00007234.5468 02201612.2420 00005309.2881
> 175011 1
H41 -2398729.2112 07144677.5434 -0499559.3187 -0000052.9850 00000773.1690 00007235.0123 02200338.1126 00005213.2955
> 175012 1
H41 -2398781.0577 07145162.3482 -0492324.0765 -0000050.7082 00000766.5623 00007235.4711 02199082.7674 00005117.1513
> 175013 1
H41 -2398830.6278 07145640.5888 -0485088.3789 -0000048.4322 00000759.9545 00007235.9231 02197846.2389 00005020.8577
> 175014 1
H41 -2398877.9224 07146112.2646 -0477852.2325 -0000046.1571 00000753.3456 00007236.3685 02196628.5595 00004924.4170
> 175015 1
H41 -2398922.9424 07146577.3747 -0470615.6441 -0000043.8830 00000746.7358 00007236.8072 02195429.7608 00004827.8314
> 175016 1
H41 -2398965.6887 07147035.9184 -0463378.6204 -0000041.6098 00000740.1249 00007237.2392 02194249.8742 00004731.1033
> 175017 1
H41 -2399006.1623 07147487.8950 -0456141.1680 -0000039.3375 00000733.5129 00007237.6645 02193088.9305 00004634.2349
> 175018 1
H41 -2399044.3640 07147933.3036 -0448903.2937 -0000037.0661 00000726.9000 00007238.0831 02191946.9601 00004537.2285
> 175019 1
H41 -2399080.2948 07148372.1436 -0441665.0041 -0000034.7957 00000720.2861 00007238.4950 02190823.9931 00004440.0865
> 175020 1
H41 -2399113.9557 07148804.4142 -0434426.3060 -0000032.5261 00000713.6711 00007238.9002 02189720.0590 00004342.8112
> 175021 1
H41 -2399145.3474 07149230.1148 -0427187.2061 -0000030.2575 00000707.0552 00007239.2987 02188635.1869 00004245.4050
> 175022 1
H41 -2399174.4711 07149649.2444 -0419947.7109 -0000027.9899 00000700.4382 00007239.6905 02187569.4054 00004147.8703
> 175023 1
H41 -2399201.3275 07150061.8025 -0412707.8273 -0000025.7231 00000693.8203 00007240.0756 02186522.7426 00004050.2095
> 175024 1
H41 -2399225.9177 07150467.7884 -0405467.5620 -0000023.4573 00000687.2014 00007240.4540 02185495.2262 00003952.4251
> 175025 1
H41 -2399248.2425 07150867.2013 -0398226.9215 -0000021.1925 00000680.5815 00007240.8257 02184486.8835 00003854.5194
> 175026 1
H41 -2399268.3029 07151260.0405 -0390985.9127 -0000018.9286 00000673.9607 00007241.1908 02183497.7412 00003756.4949
> 175027 1
H41 -2399286.0999 07151646.3054 -0383744.5422 -0000016.6656 00000667.3389 00007241.5491 02182527.8256 00003658.3541
> 175028 1
H41 -2399301.6344 07152025.9953 -0376502.8168 -0000014.4035 00000660.7161 00007241.9007 02181577.1625 00003560.0995
> 175029 1
H41 -2399314.9073 07152399.1094 -0369260.7430 -0000012.1424 00000654.0924 00007242.2456 02180645.7771 00003461.7335
> 175030 1
H41 -2399325.9196 07152765.6471 -0362018.3277 -0000009.8823 00000647.4678 00007242.5839 02179733.6944 00003363.2588
> 175031 1
H41 -2399334.6722 07153125.6078 -0354775.5775 -0000007.6231 00000640.8422 00007242.9154 02178840.9386 00003264.6779
> 175032 1
H41 -2399341.1661 07153478.9908 -0347532.4991 -0000005.3649 00000634.2157 00007243.2402 02177967.5336 00003165.9932
> 175033 1
H41 -2399345.4022 07153825.7954 -0340289.0993 -0000003.1076 00000627.5883 00007243.5584 02177113.5028 00003067.2074
> 175034 1
H41 -2399347.3815 07154166.0210 -0333045.3847 -0000000.8512 00000620.9600 00007243.8698 02176278.8689 00002968.3231
> 175035 1
H41 -2399347.1050 07154499.6669 -0325801.3620 00000001.4041 00000614.3307 00007244.1745 02175463.6543 00002869.3428
> 175036 1
H41 -2399344.5736 07154826.7325 -0318557.0379 00000003.6586 00000607.7006 00007244.4725 02174667.8809 00002770.2692
> 175037 1
H41 -2399339.7882 07155147.2172 -0311312.4191 00000005.9120 00000601.0695 00007244.7639 02173891.5701 00002671.1048
> 175038 1
H41 -2399332.7499 07155461.1203 -0304067.5124 00000008.1645 00000594.4376 00007245.0485 02173134.7425 00002571.8523
> 175039 1
H41 -2399323.4596 07155768.4413 -0296822.3244 00000010.4160 00000587.8048 00007245.3264 02172397.4185 00002472.5144
> 175040 1
H41 -2399311.9182 07156069.1795 -0289576.8618 00000012.6665 00000581.1711 00007245.5976 02171679.6180 00002373.0937
> 175041 1
H41 -2399298.1268 07156363.3343 -0282331.1314 00000014.9161 00000574.5365 00007245.8621 02170981.3602 00002273.5929
> 175042 1
H41 -2399282.0863 07156650.9051 -0275085.1398 00000017.1647 00000567.9011 00007246.1200 02170302.6638 00002174.0147
> 175043 1
H41 -2399263.7977 07156931.8913 -0267838.8937 00000019.4123 00000561.2648 00007246.3711 02169643.5471 00002074.3618
> 175044 1
H41 -2399243.2619 07157206.2924 -0260592.3999 00000021.6590 00000554.6277 00007246.6155 02169004.0278 00001974.6368
> 175045 1
H41 -2399220.4800 07157474.1078 -0253345.6650 00000023.9047 00000547.9897 00007246.8532 02168384.1230 00001874.8425
> 175046 1
H41 -2399195.4529 07157735.3368 -0246098.6957 00000026.1493 00000541.3509 00007247.0842 02167783.8493 00001774.9817
> 175047 1
H41 -2399168.1816 07157989.9789 -0238851.4989 00000028.3930 00000534.7113 00007247.3085 02167203.2230 00001675.0570
> 175048 1
H41 -2399138.6672 07158238.0336 -0231604.0810 00000030.6358 00000528.0708 00007247.5261 02166642.2596 00001575.0712
> 175049 1
H41 -2399106.9105 07158479.5003 -0224356.4490 00000032.8775 00000521.4295 00007247.7370 02166100.9740 00001475.0271
> 175050 1
H41 -2399072.9125 07158714.3785 -0217108.6093 00000035.1182 00000514.7874 00007247.9411 02165579.3808 00001374.9274
> 175051 1
H41 -2399036.6744 07158942.6676 -0209860.5689 00000037.3579 00000508.1445 00007248.1386 02165077.4940 00001274.7749
> 175052 1
H41 -2398998.1970 07159164.3670 -0202612.3343 00000039.5967 00000501.5008 00007248.3294 02164595.3269 00001174.5724
> 175053 1
H41 -2398957.4813 07159379.4763 -0195363.9123 00000041.8344 00000494.8563 00007248.5135 02164132.8924 00001074.3228
> 175054 1
H41 -2398914.5284 07159587.9949 -0188115.3096 00000044.0712 00000488.2110 00007248.6908 02163690.2029 00000974.0287
> 175055 1
H41 -2398869.3393 07159789.9223 -0180866.5329 00000046.3069 00000481.5649 00007248.8615 02163267.2701 00000873.6930
> 175056 1
H41 -2398821.9149 07159985.2580 -0173617.5889 00000048.5417 00000474.9181 00007249.0254 02162864.1052 00000773.3185
> 175057 1
H41 -2398772.2563 07160174.0014 -0166368.4843 00000050.7754 00000468.2704 00007249.1827 02162480.7188 00000672.9080
> 175058 1
H41 -2398720.3644 07160356.1522 -0159119.2257 00000053.0081 00000461.6221 00007249.3332 02162117.1211 00000572.4644
> 175059 1
H41 -2398666.2404 07160531.7097 -0151869.8200 00000055.2398 00000454.9729 00007249.4771 02161773.3217 00000471.9904
> 175060 1
H41 -2398609.8851 07160700.6736 -0144620.2738 00000057.4705 00000448.3230 00007249.6142 02161449.3295 00000371.4890
> 175061 1
H41 -2398551.2996 07160863.0432 -0137370.5938 00000059.7002 00000441.6724 00007249.7446 02161145.1530 00000270.9630
> 175062 1
H41 -2398490.4849 07161018.8182 -0130120.7868 00000061.9289 00000435.0210 00007249.8684 02160860.8001 00000170.4151
> 175063 1
H41 -2398427.4421 07161167.9981 -0122870.8594 00000064.1566 00000428.3690 00007249.9854 02160596.2780 00000069.8484
> 175064 1
H41 -2398362.1722 07161310.5825 -0115620.8183 00000066.3832 00000421.7161 00007250.0957 02160351.5936 -0000030.7345
> 175065 1
H41 -2398294.6761 07161446.5707 -0108370.6703 00000068.6088 00000415.0626 00007250.1993 02160126.7530 -0000131.3306
> 175066 1
H41 -2398224.9549 07161575.9625 -0101120.4220 00000070.8334 00000408.4084 00007250.2962 02159921.7619 -0000231.9370
> 175067 1
H41 -2398153.0096 07161698.7574 -0093870.0802 00000073.0569 00000401.7534 00007250.3864 02159736.6253 -0000332.5509
> 175068 1
H41 -2398078.8413 07161814.9548 -0086619.6515 00000075.2795 00000395.0978 00007250.4698 02159571.3478 -0000433.1695
> 175069 1
H41 -2398002.4510 07161924.5545 -0079369.1427 00000077.5010 00000388.4414 00007250.5466 02159425.9333 -0000533.7899
> 175070 1
H41 -2397923.8398 07162027.5560 -0072118.5605 00000079.7214 00000381.7844 00007250.6167 02159300.3851 -0000634.4091
> 175071 1
H41 -2397843.0085 07162123.9588 -0064867.9116 00000081.9409 00000375.1267 00007250.6800 02159194.7061 -0000735.0243
> 175072 1
H41 -2397759.9584 07162213.7626 -0057617.2027 00000084.1592 00000368.4683 00007250.7367 02159108.8986 -0000835.6327
> 175073 1
H41 -2397674.6904 07162296.9669 -0050366.4405 00000086.3766 00000361.8093 00007250.7866 02159042.9641 -0000936.2314
> 175074 1
H41 -2397587.2055 07162373.5713 -0043115.6317 00000088.5929 00000355.1496 00007250.8299 02158996.9038 -0001036.8175
> 175075 1
H41 -2397497.5049 07162443.5755 -0035864.7830 00000090.8082 00000348.4892 00007250.8664 02158970.7183 -0001137.3882
> 175076 1
H41 -2397405.5896 07162506.9790 -0028613.9012 00000093.0224 00000341.8282 00007250.8962 02158964.4075 -0001237.9405
> 175077 1
H41 -2397311.4605 07162563.7815 -0021362.9929 00000095.2355 00000335.1666 00007250.9193 02158977.9708 -0001338.4716
> 175078 1
H41 -2397215.1188 07162613.9827 -0014112.0648 00000097.4477 00000328.5043 00007250.9357 02159011.4070 -0001438.9786
> 175079 1
H41 -2397116.5655 07162657.5820 -0006861.1236 00000099.6587 00000321.8414 00007250.9454 02159064.7145 -0001539.4588
> 175080 1
H41 -2397015.8017 07162694.5792 00000389.8239 00000101.8687 00000315.1778 00007250.9484 02159137.8910 -0001639.9091
> 175081 1
H41 -2396912.8284 07162724.9740 00007640.7710 00000104.0777 00000308.5137 00007250.9447 02159230.9335 -0001740.3267
> 175082 1
H41 -2396807.6467 07162748.7658 00014891.7110 00000106.2856 00000301.8489 00007250.9343 02159343.8386 -0001840.7089
> 175083 1
H41 -2396700.2576 07162765.9546 00022142.6373 00000108.4924 00000295.1836 00007250.9172 02159476.6024 -0001941.0527
> 175084 1
H41 -2396590.6621 07162776.5398 00029393.5431 00000110.6982 00000288.5176 00007250.8933 02159629.2202 -0002041.3553
> 175085 1
H41 -2396478.8615 07162780.5211 00036644.4217 00000112.9029 00000281.8511 00007250.8628 02159801.6871 -0002141.6138
> 175086 1
H41 -2396364.8567 07162777.8983 00043895.2665 00000115.1066 00000275.1840 00007250.8255 02159993.9971 -0002241.8255
> 175087 1
H41 -2396248.6488 07162768.6710 00051146.0706 00000117.3091 00000268.5163 00007250.7816 02160206.1442 -0002341.9874
> 175088 1
H41 -2396130.2388 07162752.8388 00058396.8274 00000119.5106 00000261.8480 00007250.7309 02160438.1215 -0002442.0968
> 175089 1
H41 -2396009.6279 07162730.4016 00065647.5302 00000121.7110 00000255.1792 00007250.6735 02160689.9216 -0002542.1507
> 175090 1
H41 -2395886.8171 07162701.3589 00072898.1722 00000123.9104 00000248.5098 00007250.6095 02160961.5365 -0002642.1465
> 175091 1
H41 -2395761.8074 07162665.7106 00080148.7468 00000126.1087 00000241.8398 00007250.5387 02161252.9578 -0002742.0813
> 175092 1
H41 -2395634.6001 07162623.4562 00087399.2473 00000128.3059 00000235.1694 00007250.4612 02161564.1764 -0002841.9523
> 175093 1
H41 -2395505.1960 07162574.5956 00094649.6669 00000130.5020 00000228.4983 00007250.3770 02161895.1828 -0002941.7567
> 175094 1
H41 -2395373.5965 07162519.1284 00101899.9990 00000132.6970 00000221.8268 00007250.2861 02162245.9666 -0003041.4917
> 175095 1
H41 -2395239.8024 07162457.0544 00109150.2368 00000134.8910 00000215.1547 00007250.1885 02162616.5172 -0003141.1546
> 175096 1
H41 -2395103.8149 07162388.3733 00116400.3737 00000137.0838 00000208.4821 00007250.0841 02163006.8233 -0003240.7425
> 175097 1
H41 -2394965.6351 07162313.0848 00123650.4029 00000139.2756 00000201.8090 00007249.9731 02163416.8731 -0003340.2527
> 175098 1
H41 -2394825.2641 07162231.1888 00130900.3177 00000141.4663 00000195.1354 00007249.8554 02163846.6542 -0003439.6825
> 175099 1
H41 -2394682.7030 07162142.6849 00138150.1114 00000143.6558 00000188.4612 00007249.7309 02164296.1537 -0003539.0291
> 175100 1
H41 -2394537.9528 07162047.5730 00145399.7773 00000145.8443 00000181.7866 00007249.5998 02164765.3580 -0003638.2898
> 175101 1
H41 -2394391.0147 07161945.8528 00152649.3087 00000148.0317 00000175.1115 00007249.4619 02165254.2532 -0003737.4619
> 175102 1
H41 -2394241.8897 07161837.5240 00159898.6989 00000150.2180 00000168.4359 00007249.3174 02165762.8246 -0003836.5426
> 175103 1
H41 -2394090.5791 07161722.5865 00167147.9412 00000152.4032 00000161.7599 00007249.1661 02166291.0573 -0003935.5293
> 175104 1
H41 -2393937.0837 07161601.0400 00174397.0289 00000154.5873 00000155.0834 00007249.0081 02166838.9354 -0004034.4192
> 175105 1
H41 -2393781.4049 07161472.8843 00181645.9553 00000156.7702 00000148.4064 00007248.8435 02167406.4429 -0004133.2097
> 175106 1
H41 -2393623.5436 07161338.1193 00188894.7136 00000158.9521 00000141.7289 00007248.6721 02167993.5631 -0004231.8982
> 175107 1
H41 -2393463.5011 07161196.7447 00196143.2972 00000161.1329 00000135.0510 00007248.4940 02168600.2785 -0004330.4820
> 175108 1
H41 -2393301.2783 07161048.7604 00203391.6994 00000163.3125 00000128.3727 00007248.3092 02169226.5716 -0004428.9583
> 175109 1
H41 -2393136.8764 07160894.1661 00210639.9134 00000165.4910 00000121.6939 00007248.1177 02169872.4240 -0004527.3248
> 175110 1
H41 -2392970.2966 07160732.9617 00217887.9326 00000167.6685 00000115.0148 00007247.9195 02170537.8167 -0004625.5786
> 175111 1
H41 -2392801.5399 07160565.1471 00225135.7502 00000169.8448 00000108.3351 00007247.7146 02171222.7306 -0004723.7172
> 175112 1
H41 -2392630.6074 07160390.7220 00232383.3595 00000172.0199 00000101.6551 00007247.5030 02171927.1456 -0004821.7381
> 175113 1
H41 -2392457.5004 07160209.6863 00239630.7539 00000174.1940 00000094.9747 00007247.2847 02172651.0414 -0004919.6386
> 175114 1
H41 -2392282.2198 07160022.0398 00246877.9267 00000176.3669 00000088.2938 00007247.0597 02173394.3970 -0005017.4162
> 175115 1
H41 -2392104.7669 07159827.7825 00254124.8710 00000178.5387 00000081.6126 00007246.8279 02174157.1911 -0005115.0684
> 175116 1
H41 -2391925.1428 07159626.9141 00261371.5803 00000180.7094 00000074.9309 00007246.5895 02174939.4017 -0005212.5926
> 175117 1
H41 -2391743.3485 07159419.4346 00268618.0478 00000182.8789 00000068.2489 00007246.3444 02175741.0064 -0005309.9864
> 175118 1
H41 -2391559.3853 07159205.3437 00275864.2668 00000185.0473 00000061.5665 00007246.0926 02176561.9821 -0005407.2472
> 175119 1
H41 -2391373.2542 07158984.6415 00283110.2307 00000187.2146 00000054.8837 00007245.8340 02177402.3055 -0005504.3726
> 175120 1
H41 -2391184.9564 07158757.3277 00290355.9326 00000189.3808 00000048.2006 00007245.5688 02178261.9526 -0005601.3600
> 175121 1
H41 -2390994.4931 07158523.4023 00297601.3660 00000191.5458 00000041.5171 00007245.2968 02179140.8989 -0005698.2072
> 175122 1
H41 -2390801.8653 07158282.8652 00304846.5241 00000193.7096 00000034.8333 00007245.0182 02180039.1195 -0005794.9116
> 175123 1
H41 -2390607.0742 07158035.7163 00312091.4002 00000195.8723 00000028.1491 00007244.7329 02180956.5890 -0005891.4708
> 175124 1
H41 -2390410.1210 07157781.9554 00319335.9876 00000198.0339 00000021.4646 00007244.4408 02181893.2815 -0005987.8825
> 175125 1
H41 -2390211.0067 07157521.5826 00326580.2796 00000200.1944 00000014.7797 00007244.1421 02182849.1705 -0006084.1442
> 175126 1
H41 -2390009.7327 07157254.5977 00333824.2695 00000202.3536 00000008.0945 00007243.8366 02183824.2293 -0006180.2537
> 175127 1
H41 -2389806.2999 07156981.0006 00341067.9506 00000204.5118 00000001.4090 00007243.5245 02184818.4303 -0006276.2085
> 175128 1
H41 -2389600.7095 07156700.7913 00348311.3162 00000206.6687 -0000005.2768 00007243.2056 02185831.7460 -0006372.0064
> 175129 1
H41 -2389392.9628 07156413.9698 00355554.3596 00000208.8246 -0000011.9630 00007242.8801 02186864.1478 -0006467.6450
> 175130 1
H41 -2389183.0608 07156120.5360 00362797.0741 00000210.9792 -0000018.6494 00007242.5478 02187915.6072 -0006563.1222
> 175131 1
H41 -2388971.0047 07155820.4898 00370039.4530 00000213.1327 -0000025.3361 00007242.2089 02188986.0948 -0006658.4355
> 175132 1
H41 -2388756.7957 07155513.8313 00377281.4896 00000215.2851 -0000032.0231 00007241.8632 02190075.5810 -0006753.5828
> 175133 1
H41 -2388540.4349 07155200.5603 00384523.1772 00000217.4363 -0000038.7104 00007241.5109 02191184.0356 -0006848.5619
> 175134 1
H41 -2388321.9235 07154880.6768 00391764.5092 00000219.5863 -0000045.3980 00007241.1518 02192311.4282 -0006943.3706
> 175135 1
H41 -2388101.2627 07154554.1809 00399005.4787 00000221.7351 -0000052.0858 00007240.7861 02193457.7276 -0007038.0066
> 175136 1
H41 -2387878.4536 07154221.0725 00406246.0791 00000223.8828 -0000058.7739 00007240.4137 02194622.9024 -0007132.4679
> 175137 1
H41 -2387653.4974 07153881.3517 00413486.3037 00000226.0294 -0000065.4623 00007240.0345 02195806.9207 -0007226.7522
> 175138 1
H41 -2387426.3953 07153535.0183 00420726.1459 00000228.1747 -0000072.1509 00007239.6487 02197009.7501 -0007320.8574
> 175139 1
H41 -2387197.1484 07153182.0724 00427965.5989 00000230.3189 -0000078.8397 00007239.2561 02198231.3579 -0007414.7816
> 175140 1
H41 -2386965.7580 07152822.5141 00435204.6560 00000232.4619 -0000085.5288 00007238.8569 02199471.7109 -0007508.5225
> 175141 1
H41 -2386732.2251 07152456.3433 00442443.3105 00000234.6037 -0000092.2181 00007238.4510 02200730.7754 -0007602.0781
> 175142 1
H41 -2386496.5510 07152083.5601 00449681.5557 00000236.7443 -0000098.9077 00007238.0384 02202008.5174 -0007695.4464
> 175143 1
H41 -2386258.7369 07151704.1645 00456919.3850 00000238.8838 -0000105.5974 00007237.6190 02203304.9025 -0007788.6253
> 175144 1
H41 -2386018.7839 07151318.1566 00464156.7916 00000241.0220 -0000112.2874 00007237.1930 02204619.8957 -0007881.6130
> 175145 1
H41 -2385776.6932 07150925.5363 00471393.7688 00000243.1591 -0000118.9776 00007236.7603 02205953.4619 -0007974.4073
> 175146 1
H41 -2385532.4661 07150526.3037 00478630.3100 00000245.2950 -0000125.6679 00007236.3209 02207305.5653 -0008067.0064
> 175147 1
H41 -2385286.1036 07150120.4590 00485866.4084 00000247.4297 -0000132.3585 00007235.8748 02208676.1699 -0008159.4084
> 175148 1
H41 -2385037.6070 07149708.0021 00493102.0574 00000249.5632 -0000139.0492 00007235.4220 02210065.2392 -0008251.6112
> 175149 1
H41 -2384786.9775 07149288.9331 00500337.2503 00000251.6955 -0000145.7402 00007234.9626 02211472.7363 -0008343.6132
> 175150 1
H41 -2384534.2163 07148863.2521 00507571.9803 00000253.8267 -0000152.4312 00007234.4964 02212898.6240 -0008435.4122
> 175151 1
H41 -2384279.3246 07148430.9591 00514806.2408 00000255.9566 -0000159.1225 00007234.0235 02214342.8647 -0008527.0067
> 175152 1
H41 -2384022.3035 07147992.0544 00522040.0251 00000258.0853 -0000165.8139 00007233.5440 02215805.4203 -0008618.3946
> 175153 1
H41 -2383763.1543 07147546.5378 00529273.3265 00000260.2128 -0000172.5055 00007233.0577 02217286.2525 -0008709.5743
> 175154 1
H41 -2383501.8782 07147094.4097 00536506.1383 00000262.3392 -0000179.1972 00007232.5648 02218785.3226 -0008800.5440
> 175155 1
H41 -2383238.4764 07146635.6700 00543738.4538 00000264.4643 -0000185.8891 00007232.0651 02220302.5914 -0008891.3019
> 175156 1
H41 -2382972.9501 07146170.3188 00550970.2664 00000266.5882 -0000192.5811 00007231.5588 02221838.0195 -0008981.8463
> 175157 1
H41 -2382705.3004 07145698.3564 00558201.5693 00000268.7109 -0000199.2732 00007231.0458 02223391.5671 -0009072.1755
> 175158 1
H41 -2382435.5287 07145219.7827 00565432.3558 00000270.8324 -0000205.9654 00007230.5261 02224963.1940 -0009162.2878
> 175159 1
H41 -2382163.6361 07144734.5980 00572662.6193 00000272.9527 -0000212.6578 00007229.9997 02226552.8597 -0009252.1816
> 175160 1
H41 -2381889.6238 07144242.8024 00579892.3530 00000275.0717 -0000219.3502 00007229.4667 02228160.5233 -0009341.8553
> 175161 1
H41 -2381613.4931 07143744.3960 00587121.5504 00000277.1896 -0000226.0428 00007228.9269 02229786.1436 -0009431.3071
> 175162 1
H41 -2381335.2451 07143239.3790 00594350.2046 00000279.3062 -0000232.7354 00007228.3804 02231429.6792 -0009520.5357
> 175163 1
H41 -2381054.8811 07142727.7515 00601578.3090 00000281.4216 -0000239.4282 00007227.8273 02233091.0881 -0009609.5393
> 175164 1
H41 -2380772.4024 07142209.5137 00608805.8570 00000283.5358 -0000246.1210 00007227.2675 02234770.3282 -0009698.3164
> 175165 1
H41 -2380487.8100 07141684.6657 00616032.8418 00000285.6487 -0000252.8139 00007226.7010 02236467.3570 -0009786.8657
> 175166 1
H41 -2380201.1054 07141153.2078 00623259.2567 00000287.7604 -0000259.5069 00007226.1278 02238182.1317 -0009875.1854
> 175167 1
H41 -2379912.2896 07140615.1401 00630485.0951 00000289.8709 -0000266.1999 00007225.5479 02239914.6092 -0009963.2743
> 175168 1
H41 -2379621.3639 07140070.4628 00637710.3503 00000291.9802 -0000272.8930 00007224.9614 02241664.7460 -0010051.1308
> 175169 1
H41 -2379328.3296 07139519.1761 00644935.0156 00000294.0882 -0000279.5861 00007224.3681 02243432.4985 -0010138.7535
> 175170 1
H41 -2379033.1878 07138961.2802 00652159.0843 00000296.1950 -0000286.2793 00007223.7682 02245217.8225 -0010226.1410
> 175171 1
H41 -2378735.9399 07138396.7753 00659382.5497 00000298.3006 -0000292.9725 00007223.1616 02247020.6739 -0010313.2921
> 175172 1
H41 -2378436.5870 07137825.6616 00666605.4052 00000300.4049 -0000299.6658 00007222.5483 02248841.0080 -0010400.2052
> 175173 1
H41 -2378135.1305 07137247.9394 00673827.6440 00000302.5080 -0000306.3590 00007221.9283 02250678.7800 -0010486.8791
> 175174 1
H41 -2377831.5714 07136663.6088 00681049.2596 00000304.6099 -0000313.0523 00007221.3017 02252533.9446 -0010573.3125
> 175175 1
H41 -2377525.9111 07136072.6701 00688270.2451 00000306.7105 -0000319.7456 00007220.6683 02254406.4565 -0010659.5041
> 175176 1
H41 -2377218.1509 07135475.1235 00695490.5940 00000308.8098 -0000326.4389 00007220.0283 02256296.2700 -0010745.4527
> 175177 1
H41 -2376908.2919 07134870.9692 00702710.2995 00000310.9079 -0000333.1322 00007219.3816 02258203.3391 -0010831.1571
> 175178 1
H41 -2376596.3355 07134260.2076 00709929.3550 00000313.0048 -0000339.8255 00007218.7283 02260127.6176 -0010916.6159
> 175179 1
H41 -2376282.2828 07133642.8389 00717147.7538 00000315.1004 -0000346.5188 00007218.0682 02262069.0590 -0011001.8281
> 175180 1
H41 -2375966.1351 07133018.8633 00724365.4892 00000317.1947 -0000353.2120 00007217.4015 02264027.6167 -0011086.7925
> 175181 1
H41 -2375647.8937 07132388.2811 00731582.5546 00000319.2878 -0000359.9053 00007216.7281 02266003.2436 -0011171.5079
> 175182 1
H41 -2375327.5599 07131751.0925 00738798.9432 00000321.3797 -0000366.5984 00007216.0480 02267995.8926 -0011255.9733
> 175183 1
H41 -2375005.1348 07131107.2980 00746014.6484 00000323.4703 -0000373.2916 00007215.3613 02270005.5162 -0011340.1876
> 175184 1
H41 -2374680.6198 07130456.8976 00753229.6635 00000325.5596 -0000379.9847 00007214.6678 02272032.0668 -0011424.1496
> 175185 1
H41 -2374354.0160 07129799.8918 00760443.9818 00000327.6476 -0000386.6778 00007213.9677 02274075.4964 -0011507.8584
> 175186 1
H41 -2374025.3249 07129136.2809 00767657.5968 00000329.7344 -0000393.3707 00007213.2610 02276135.7570 -0011591.3129
> 175187 1
H41 -2373694.5476 07128466.0651 00774870.5016 00000331.8200 -0000400.0637 00007212.5475 02278212.8002 -0011674.5121
> 175188 1
H41 -2373361.6854 07127789.2448 00782082.6896 00000333.9042 -0000406.7565 00007211.8274 02280306.5774 -0011757.4551
> 175189 1
H41 -2373026.7396 07127105.8202 00789294.1542 00000335.9872 -0000413.4493 00007211.1006 02282417.0400 -0011840.1409
> 175190 1
H41 -2372689.7114 07126415.7917 00796504.8886 00000338.0689 -0000420.1420 00007210.3672 02284544.1389 -0011922.5686
> 175191 1
H41 -2372350.6022 07125719.1597 00803714.8863 00000340.1494 -0000426.8346 00007209.6270 02286687.8251 -0012004.7373
> 175192 1
H41 -2372009.4131 07125015.9244 00810924.1405 00000342.2285 -0000433.5271 00007208.8802 02288848.0490 -0012086.6461
> 175193 1
H41 -2371666.1455 07124306.0863 00818132.6445 00000344.3064 -0000440.2194 00007208.1268 02291024.7613 -0012168.2942
> 175194 1
H41 -2371320.8007 07123589.6456 00825340.3918 00000346.3830 -0000446.9117 00007207.3666 02293217.9122 -0012249.6806
> 175195 1
H41 -2370973.3799 07122866.6027 00832547.3756 00000348.4584 -0000453.6039 00007206.5999 02295427.4517 -0012330.8047
> 175196 1
H41 -2370623.8844 07122136.9580 00839753.5893 00000350.5324 -0000460.2959 00007205.8264 02297653.3298 -0012411.6655
> 175197 1
H41 -2370272.3156 07121400.7119 00846959.0262 00000352.6052 -0000466.9878 00007205.0463 02299895.4963 -0012492.2624
> 175198 1
H41 -2369918.6746 07120657.8646 00854163.6796 00000354.6766 -0000473.6796 00007204.2595 02302153.9006 -0012572.5946
> 175199 1
H41 -2369562.9627 07119908.4167 00861367.5429 00000356.7468 -0000480.3712 00007203.4660 02304428.4923 -0012652.6614
> 175200 1
H41 -2369205.1814 07119152.3685 00868570.6094 00000358.8157 -0000487.0627 00007202.6659 02306719.2205 -0012732.4620
> 175201 1
H41 -2368845.3318 07118389.7204 00875772.8724 00000360.8833 -0000493.7540 00007201.8591 02309026.0345 -0012811.9959
> 175202 1
H41 -2368483.4152 07117620.4727 00882974.3253 00000362.9496 -0000500.4451 00007201.0456 02311348.8830 -0012891.2622
> 175203 1
H41 -2368119.4330 07116844.6259 00890174.9614 00000365.0146 -0000507.1361 00007200.2255 02313687.7149 -0012970.2605
> 175204 1
H41 -2367753.3864 07116062.1805 00897374.7741 00000367.0783 -0000513.8269 00007199.3988 02316042.4789 -0013048.9900
> 175205 1
H41 -2367385.2768 07115273.1368 00904573.7567 00000369.1407 -0000520.5175 00007198.5653 02318413.1235 -0013127.4503
> 175206 1
H41 -2367015.1054 07114477.4952 00911771.9026 00000371.2018 -0000527.2080 00007197.7252 02320799.5971 -0013205.6406
> 175207 1
H41 -2366642.8735 07113675.2562 00918969.2050 00000373.2616 -0000533.8982 00007196.8785 02323201.8479 -0013283.5605
> 175208 1
H41 -2366268.5825 07112866.4202 00926165.6574 00000375.3202 -0000540.5882 00007196.0251 02325619.8241 -0013361.2095
> 175209 1
H41 -2365892.2337 07112050.9877 00933361.2530 00000377.3773 -0000547.2780 00007195.1650 02328053.4736 -0013438.5869
> 175210 1
H41 -2365513.8283 07111228.9590 00940555.9852 00000379.4332 -0000553.9676 00007194.2983 02330502.7445 -0013515.6925
> 175211 1
H41 -2365133.3676 07110400.3348 00947749.8474 00000381.4878 -0000560.6570 00007193.4249 02332967.5844 -0013592.5255
> 175212 1
H41 -2364750.8531 07109565.1154 00954942.8329 00000383.5411 -0000567.3462 00007192.5449 02335447.9410 -0013669.0857
> 175213 1
H41 -2364366.2860 07108723.3012 00962134.9350 00000385.5930 -0000574.0351 00007191.6582 02337943.7619 -0013745.3726
> 175214 1
H41 -2363979.6675 07107874.8929 00969326.1471 00000387.6436 -0000580.7238 00007190.7649 02340454.9947 -0013821.3858
> 175215 1
H41 -2363590.9991 07107019.8908 00976516.4626 00000389.6929 -0000587.4122 00007189.8649 02342981.5865 -0013897.1249
> 175216 1
H41 -2363200.2821 07106158.2954 00983705.8748 00000391.7409 -0000594.1004 00007188.9583 02345523.4848 -0013972.5895
> 175217 1
H41 -2362807.5177 07105290.1073 00990894.3770 00000393.7876 -0000600.7883 00007188.0450 02348080.6367 -0014047.7793
> 175218 1
H41 -2362412.7073 07104415.3269 00998081.9625 00000395.8330 -0000607.4760 00007187.1251 02350652.9893 -0014122.6940
> 175219 1
H41 -2362015.8522 07103533.9548 01005268.6249 00000397.8770 -0000614.1634 00007186.1985 02353240.4896 -0014197.3332
> 175220 1
H41 -2361616.9538 07102645.9914 01012454.3573 00000399.9197 -0000620.8505 00007185.2653 02355843.0847 -0014271.6966
> 175221 1
H41 -2361216.0133 07101751.4372 01019639.1532 00000401.9610 -0000627.5373 00007184.3254 02358460.7213 -0014345.7841
> 175222 1
H41 -2360813.0322 07100850.2929 01026823.0059 00000404.0011 -0000634.2238 00007183.3789 02361093.3463 -0014419.5952
> 175223 1
H41 -2360408.0117 07099942.5589 01034005.9087 00000406.0398 -0000640.9100 00007182.4257 02363740.9064 -0014493.1299
> 175224 1
H41 -2360000.9531 07099028.2358 01041187.8551 00000408.0771 -0000647.5959 00007181.4659 02366403.3483 -0014566.3879
> 175225 1
H41 -2359591.8578 07098107.3241 01048368.8383 00000410.1132 -0000654.2815 00007180.4994 02369080.6186 -0014639.3690
> 175226 1
H41 -2359180.7272 07097179.8243 01055548.8517 00000412.1479 -0000660.9668 00007179.5263 02371772.6639 -0014712.0730
> 175227 1
H41 -2358767.5626 07096245.7371 01062727.8888 00000414.1812 -0000667.6518 00007178.5466 02374479.4306 -0014784.4997
> 175228 1
H41 -2358352.3653 07095305.0629 01069905.9427 00000416.2132 -0000674.3364 00007177.5602 02377200.8654 -0014856.6490
> 175229 1
H41 -2357935.1366 07094357.8024 01077083.0070 00000418.2439 -0000681.0207 00007176.5672 02379936.9145 -0014928.5209
> 175230 1
H41 -2357515.8779 07093403.9561 01084259.0749 00000420.2732 -0000687.7047 00007175.5676 02382687.5244 -0015000.1151
> 175231 1
H41 -2357094.5906 07092443.5246 01091434.1399 00000422.3012 -0000694.3883 00007174.5613 02385452.6414 -0015071.4316
> 175232 1
H41 -2356671.2760 07091476.5085 01098608.1953 00000424.3278 -0000701.0715 00007173.5483 02388232.2119 -0015142.4704
> 175233 1
H41 -2356245.9355 07090502.9084 01105781.2344 00000426.3531 -0000707.7544 00007172.5288 02391026.1821 -0015213.2313
> 175234 1
H41 -2355818.5703 07089522.7249 01112953.2506 00000428.3770 -0000714.4369 00007171.5026 02393834.4982 -0015283.7143
> 175235 1
H41 -2355389.1819 07088535.9585 01120124.2373 00000430.3996 -0000721.1190 00007170.4697 02396657.1066 -0015353.9195
> 175236 1
H41 -2354957.7716 07087542.6100 01127294.1879 00000432.4208 -0000727.8008 00007169.4303 02399493.9534 -0015423.8467
> 175237 1
H41 -2354524.3408 07086542.6799 01134463.0956 00000434.4406 -0000734.4821 00007168.3842 02402344.9848 -0015493.4961
> 175238 1
H41 -2354088.8908 07085536.1688 01141630.9540 00000436.4591 -0000741.1631 00007167.3314 02405210.1470 -0015562.8676
> 175239 1
H41 -2353651.4230 07084523.0775 01148797.7563 00000438.4763 -0000747.8436 00007166.2721 02408089.3863 -0015631.9613
> 175240 1
H41 -2353211.9387 07083503.4064 01155963.4960 00000440.4921 -0000754.5238 00007165.2061 02410982.6487 -0015700.7772
> 175241 1
H41 -2352770.4393 07082477.1563 01163128.1663 00000442.5065 -0000761.2035 00007164.1335 02413889.8804 -0015769.3155
> 175242 1
H41 -2352326.9262 07081444.3278 01170291.7607 00000444.5195 -0000767.8828 00007163.0542 02416811.0276 -0015837.5762
> 175243 1
H41 -2351881.4008 07080404.9216 01177454.2726 00000446.5312 -0000774.5617 00007161.9684 02419746.0365 -0015905.5594
> 175244 1
H41 -2351433.8643 07079358.9383 01184615.6953 00000448.5415 -0000781.2402 00007160.8759 02422694.8533 -0015973.2652
> 175245 1
H41 -2350984.3183 07078306.3786 01191776.0221 00000450.5504 -0000787.9182 00007159.7768 02425657.4240 -0016040.6938
> 175246 1
H41 -2350532.7640 07077247.2432 01198935.2466 00000452.5580 -0000794.5957 00007158.6710 02428633.6951 -0016107.8453
> 175247 1
H41 -2350079.2028 07076181.5327 01206093.3619 00000454.5642 -0000801.2728 00007157.5586 02431623.6125 -0016174.7199
> 175248 1
H41 -2349623.6361 07075109.2479 01213250.3616 00000456.5690 -0000807.9495 00007156.4397 02434627.1226 -0016241.3178
> 175249 1
H41 -2349166.0653 07074030.3894 01220406.2391 00000458.5724 -0000814.6257 00007155.3141 02437644.1717 -0016307.6391
> 175250 1
H41 -2348706.4918 07072944.9579 01227560.9876 00000460.5744 -0000821.3014 00007154.1818 02440674.7059 -0016373.6842
> 175251 1
H41 -2348244.9169 07071852.9542 01234714.6005 00000462.5751 -0000827.9766 00007153.0430 02443718.6717 -0016439.4531
> 175252 1
H41 -2347781.3420 07070754.3790 01241867.0713 00000464.5744 -0000834.6513 00007151.8975 02446776.0152 -0016504.9461
> 175253 1
H41 -2347315.7686 07069649.2329 01249018.3934 00000466.5723 -0000841.3256 00007150.7455 02449846.6830 -0016570.1635
> 175254 1
H41 -2346848.1979 07068537.5167 01256168.5601 00000468.5688 -0000847.9993 00007149.5868 02452930.6214 -0016635.1055
> 175255 1
H41 -2346378.6315 07067419.2312 01263317.5647 00000470.5639 -0000854.6726 00007148.4215 02456027.7768 -0016699.7725
> 175256 1
H41 -2345907.0706 07066294.3770 01270465.4008 00000472.5576 -0000861.3453 00007147.2496 02459138.0957 -0016764.1646
> 175257 1
H41 -2345433.5166 07065162.9549 01277612.0616 00000474.5500 -0000868.0175 00007146.0710 02462261.5247 -0016828.2822
> 175258 1
H41 -2344957.9711 07064024.9657 01284757.5407 00000476.5409 -0000874.6892 00007144.8859 02465398.0102 -0016892.1257
> 175259 1
H41 -2344480.4353 07062880.4101 01291901.8312 00000478.5305 -0000881.3604 00007143.6941 02468547.4989 -0016955.6953
> 175260 1
H41 -2344000.9106 07061729.2889 01299044.9268 00000480.5186 -0000888.0310 00007142.4958 02471709.9375 -0017018.9913
> 175261 1
H41 -2343519.3985 07060571.6029 01306186.8206 00000482.5054 -0000894.7010 00007141.2908 02474885.2727 -0017082.0142
> 175262 1
H41 -2343035.9004 07059407.3527 01313327.5062 00000484.4907 -0000901.3706 00007140.0793 02478073.4512 -0017144.7643
> 175263 1
H41 -2342550.4175 07058236.5393 01320466.9770 00000486.4747 -0000908.0395 00007138.8611 02481274.4199 -0017207.2419
> 175264 1
H41 -2342062.9515 07057059.1634 01327605.2262 00000488.4572 -0000914.7079 00007137.6363 02484488.1256 -0017269.4474
> 175265 1
H41 -2341573.5036 07055875.2257 01334742.2474 00000490.4383 -0000921.3757 00007136.4049 02487714.5154 -0017331.3813
> 175266 1
H41 -2341082.0753 07054684.7272 01341878.0339 00000492.4181 -0000928.0430 00007135.1670 02490953.5362 -0017393.0440
> 175267 1
H41 -2340588.6680 07053487.6685 01349012.5791 00000494.3964 -0000934.7097 00007133.9224 02494205.1351 -0017454.4358
> 175268 1
H41 -2340093.2830 07052284.0505 01356145.8765 00000496.3733 -0000941.3757 00007132.6712 02497469.2593 -0017515.5571
> 175269 1
H41 -2339595.9219 07051073.8741 01363277.9194 00000498.3488 -0000948.0412 00007131.4134 02500745.8560 -0017576.4085
> 175270 1
H41 -2339096.5859 07049857.1400 01370408.7011 00000500.3229 -0000954.7061 00007130.1491 02504034.8725 -0017636.9904
> 175271 1
H41 -2338595.2766 07048633.8491 01377538.2153 00000502.2955 -0000961.3704 00007128.8781 02507336.2561 -0017697.3033
> 175272 1
H41 -2338091.9954 07047404.0022 01384666.4551 00000504.2668 -0000968.0340 00007127.6005 02510649.9544 -0017757.3475
> 175273 1
H41 -2337586.7436 07046167.6002 01391793.4141 00000506.2366 -0000974.6971 00007126.3164 02513975.9148 -0017817.1236
> 175274 1
H41 -2337079.5227 07044924.6438 01398919.0857 00000508.2050 -0000981.3595 00007125.0256 02517314.0850 -0017876.6321
> 175275 1
H41 -2336570.3341 07043675.1341 01406043.4632 00000510.1720 -0000988.0213 00007123.7283 02520664.4126 -0017935.8735
> 175276 1
H41 -2336059.1792 07042419.0718 01413166.5400 00000512.1375 -0000994.6824 00007122.4244 02524026.8454 -0017994.8482
> 175277 1
H41 -2335546.0595 07041156.4577 01420288.3097 00000514.1017 -0001001.3429 00007121.1138 02527401.3314 -0018053.5569
> 175278 1
H41 -2335030.9764 07039887.2929 01427408.7655 00000516.0644 -0001008.0027 00007119.7967 02530787.8184 -0018112.0000
> 175279 1
H41 -2334513.9313 07038611.5781 01434527.9009 00000518.0256 -0001014.6619 00007118.4730 02534186.2546 -0018170.1780
> 175280 1
H41 -2333994.9256 07037329.3142 01441645.7094 00000519.9855 -0001021.3204 00007117.1428 02537596.5881 -0018228.0916
> 175281 1
H41 -2333473.9608 07036040.5022 01448762.1843 00000521.9439 -0001027.9782 00007115.8059 02541018.7670 -0018285.7412
> 175282 1
H41 -2332951.0384 07034745.1429 01455877.3190 00000523.9008 -0001034.6353 00007114.4625 02544452.7398 -0018343.1275
> 175283 1
H41 -2332426.1596 07033443.2372 01462991.1070 00000525.8564 -0001041.2918 00007113.1124 02547898.4549 -0018400.2509
> 175284 1
H41 -2331899.3261 07032134.7861 01470103.5417 00000527.8105 -0001047.9476 00007111.7558 02551355.8609 -0018457.1122
> 175285 1
H41 -2331370.5392 07030819.7905 01477214.6165 00000529.7631 -0001054.6026 00007110.3927 02554824.9063 -0018513.7117
> 175286 1
H41 -2330839.8003 07029498.2513 01484324.3248 00000531.7143 -0001061.2570 00007109.0229 02558305.5399 -0018570.0503
> 175287 1
H41 -2330307.1110 07028170.1694 01491432.6601 00000533.6641 -0001067.9106 00007107.6466 02561797.7106 -0018626.1284
> 175288 1
H41 -2329772.4726 07026835.5457 01498539.6157 00000535.6124 -0001074.5636 00007106.2637 02565301.3673 -0018681.9466
> 175289 1
H41 -2329235.8866 07025494.3813 01505645.1852 00000537.5593 -0001081.2158 00007104.8742 02568816.4591 -0018737.5056
> 175290 1
H41 -2328697.3545 07024146.6770 01512749.3619 00000539.5047 -0001087.8673 00007103.4781 02572342.9352 -0018792.8061
> 175291 1
H41 -2328156.8776 07022792.4338 01519852.1392 00000541.4487 -0001094.5180 00007102.0755 02575880.7448 -0018847.8485
> 175292 1
H41 -2327614.4575 07021431.6527 01526953.5107 00000543.3913 -0001101.1680 00007100.6663 02579429.8374 -0018902.6337
> 175293 1
H41 -2327070.0956 07020064.3347 01534053.4696 00000545.3323 -0001107.8172 00007099.2505 02582990.1625 -0018957.1621
> 175294 1
H41 -2326523.7934 07018690.4807 01541152.0095 00000547.2719 -0001114.4657 00007097.8282 02586561.6697 -0019011.4346
> 175295 1
H41 -2325975.5522 07017310.0916 01548249.1238 00000549.2101 -0001121.1134 00007096.3993 02590144.3087 -0019065.4516
> 175296 1
H41 -2325425.3736 07015923.1686 01555344.8060 00000551.1468 -0001127.7604 00007094.9638 02593738.0295 -0019119.2139
> 175297 1
H41 -2324873.2590 07014529.7125 01562439.0493 00000553.0821 -0001134.4066 00007093.5218 02597342.7820 -0019172.7222
> 175298 1
H41 -2324319.2100 07013129.7244 01569531.8474 00000555.0159 -0001141.0520 00007092.0732 02600958.5163 -0019225.9771
> 175299 1
H41 -2323763.2278 07011723.2053 01576623.1936 00000556.9482 -0001147.6966 00007090.6181 02604585.1827 -0019278.9794
> 175300 1
H41 -2323205.3141 07010310.1561 01583713.0814 00000558.8790 -0001154.3404 00007089.1564 02608222.7315 -0019331.7296
> 175301 1
H41 -2322645.4702 07008890.5780 01590801.5042 00000560.8084 -0001160.9834 00007087.6881 02611871.1133 -0019384.2286
> 175302 1
H41 -2322083.6977 07007464.4719 01597888.4554 00000562.7364 -0001167.6256 00007086.2133 02615530.2785 -0019436.4769
> 175303 1
H41 -2321519.9980 07006031.8389 01604973.9286 00000564.6628 -0001174.2670 00007084.7319 02619200.1780 -0019488.4753
> 175304 1
H41 -2320954.3726 07004592.6800 01612057.9171 00000566.5878 -0001180.9075 00007083.2440 02622880.7626 -0019540.2246
> 175305 1
H41 -2320386.8229 07003146.9963 01619140.4144 00000568.5113 -0001187.5472 00007081.7495 02626571.9834 -0019591.7253
> 175306 1
H41 -2319817.3505 07001694.7887 01626221.4139 00000570.4333 -0001194.1861 00007080.2485 02630273.7914 -0019642.9783
> 175307 1
H41 -2319245.9567 07000236.0584 01633300.9092 00000572.3539 -0001200.8242 00007078.7409 02633986.1378 -0019693.9843
> 175308 1
H41 -2318672.6432 06998770.8064 01640378.8936 00000574.2730 -0001207.4614 00007077.2268 02637708.9742 -0019744.7439
> 175309 1
H41 -2318097.4112 06997299.0338 01647455.3605 00000576.1906 -0001214.0978 00007075.7061 02641442.2520 -0019795.2580
> 175310 1
H41 -2317520.2625 06995820.7416 01654530.3036 00000578.1067 -0001220.7333 00007074.1789 02645185.9229 -0019845.5273
> 175311 1
H41 -2316941.1983 06994335.9309 01661603.7161 00000580.0214 -0001227.3679 00007072.6451 02648939.9386 -0019895.5524
> 175312 1
H41 -2316360.2202 06992844.6029 01668675.5916 00000581.9345 -0001234.0016 00007071.1048 02652704.2512 -0019945.3342
> 175313 1
H41 -2315777.3298 06991346.7586 01675745.9235 00000583.8462 -0001240.6345 00007069.5580 02656478.8126 -0019994.8734
> 175314 1
H41 -2315192.5284 06989842.3991 01682814.7054 00000585.7564 -0001247.2665 00007068.0046 02660263.5751 -0020044.1707
> 175315 1
H41 -2314605.8175 06988331.5256 01689881.9305 00000587.6651 -0001253.8976 00007066.4446 02664058.4911 -0020093.2270
> 175316 1
H41 -2314017.1987 06986814.1390 01696947.5925 00000589.5723 -0001260.5278 00007064.8782 02667863.5130 -0020142.0430
> 175317 1
H41 -2313426.6735 06985290.2406 01704011.6847 00000591.4780 -0001267.1571 00007063.3052 02671678.5935 -0020190.6193
> 175318 1
H41 -2312834.2432 06983759.8315 01711074.2007 00000593.3822 -0001273.7855 00007061.7257 02675503.6853 -0020238.9569
> 175319 1
H41 -2312239.9095 06982222.9128 01718135.1338 00000595.2849 -0001280.4129 00007060.1396 02679338.7413 -0020287.0565
> 175320 1
H41 -2311643.6739 06980679.4856 01725194.4777 00000597.1862 -0001287.0395 00007058.5470 02683183.7147 -0020334.9188
> 175321 1
H41 -2311045.5377 06979129.5510 01732252.2257 00000599.0859 -0001293.6651 00007056.9479 02687038.5586 -0020382.5447
> 175322 1
H41 -2310445.5026 06977573.1103 01739308.3712 00000600.9841 -0001300.2898 00007055.3422 02690903.2263 -0020429.9348
> 175323 1
H41 -2309843.5700 06976010.1646 01746362.9079 00000602.8809 -0001306.9135 00007053.7300 02694777.6714 -0020477.0901
> 175324 1
H41 -2309239.7414 06974440.7150 01753415.8292 00000604.7761 -0001313.5363 00007052.1113 02698661.8475 -0020524.0112
> 175325 1
H41 -2308634.0183 06972864.7628 01760467.1284 00000606.6698 -0001320.1581 00007050.4861 02702555.7083 -0020570.6991
> 175326 1
H41 -2308026.4023 06971282.3090 01767516.7992 00000608.5620 -0001326.7789 00007048.8544 02706459.2079 -0020617.1544
> 175327 1
H41 -2307416.8948 06969693.3549 01774564.8350 00000610.4527 -0001333.3988 00007047.2161 02710372.3003 -0020663.3779
> 175328 1
H41 -2306805.4974 06968097.9016 01781611.2292 00000612.3419 -0001340.0177 00007045.5713 02714294.9397 -0020709.3705
> 175329 1
H41 -2306192.2115 06966495.9503 01788655.9754 00000614.2296 -0001346.6357 00007043.9200 02718227.0805 -0020755.1330
> 175330 1
H41 -2305577.0387 06964887.5023 01795699.0671 00000616.1158 -0001353.2526 00007042.2622 02722168.6772 -0020800.6661
> 175331 1
H41 -2304959.9804 06963272.5588 01802740.4976 00000618.0004 -0001359.8686 00007040.5979 02726119.6846 -0020845.9707
> 175332 1
H41 -2304341.0383 06961651.1208 01809780.2606 00000619.8836 -0001366.4835 00007038.9270 02730080.0574 -0020891.0476
> 175333 1
H41 -2303720.2138 06960023.1898 01816818.3495 00000621.7652 -0001373.0974 00007037.2496 02734049.7506 -0020935.8975
> 175334 1
H41 -2303097.5084 06958388.7668 01823854.7577 00000623.6453 -0001379.7104 00007035.5658 02738028.7195 -0020980.5213
> 175335 1
H41 -2302472.9236 06956747.8532 01830889.4789 00000625.5239 -0001386.3223 00007033.8754 02742016.9191 -0021024.9199
> 175336 1
H41 -2301846.4610 06955100.4501 01837922.5064 00000627.4010 -0001392.9331 00007032.1785 02746014.3050 -0021069.0939
> 175337 1
H41 -2301218.1222 06953446.5588 01844953.8337 00000629.2765 -0001399.5430 00007030.4751 02750020.8328 -0021113.0442
> 175338 1
H41 -2300587.9085 06951786.1806 01851983.4544 00000631.1505 -0001406.1518 00007028.7652 02754036.4583 -0021156.7717
> 175339 1
H41 -2299955.8216 06950119.3166 01859011.3620 00000633.0230 -0001412.7595 00007027.0488 02758061.1372 -0021200.2772
> 175340 1
H41 -2299321.8629 06948445.9682 01866037.5500 00000634.8940 -0001419.3662 00007025.3259 02762094.8257 -0021243.5614
> 175341 1
H41 -2298686.0341 06946766.1367 01873062.0118 00000636.7634 -0001425.9719 00007023.5966 02766137.4800 -0021286.6252
> 175342 1
H41 -2298048.3366 06945079.8232 01880084.7409 00000638.6313 -0001432.5764 00007021.8607 02770189.0564 -0021329.4694
> 175343 1
H41 -2297408.7719 06943387.0291 01887105.7309 00000640.4977 -0001439.1799 00007020.1183 02774249.5114 -0021372.0949
> 175344 1
H41 -2296767.3416 06941687.7557 01894124.9753 00000642.3626 -0001445.7824 00007018.3694 02778318.8018 -0021414.5024
