##接收机参考位置（LLH）95.001 60 1000
##接收机参考位置（ECEF）-278745.1991 3185431.8716 5501343.1592
##initialTime     175809
##endTime         176537
##obsTimeLength   729
##数据格式：satx saty satz satvx satvy satvz rangeObs dopplerObs
##rangeObs = range + receiverClcError
##dopplerObs = doppler + receiverClcDriftError
##信号类型为:3-2, 频率为:1520000000赫兹
##观测卫星个数：1
##end of head
> 175809 1
H41 -1824809.5921 05483128.3903 04863666.4718 00001322.2682 -0004293.6601 00005540.2528 02841900.5846 00027551.0903
> 175810 1
H41 -1823486.8113 05478651.4927 04869204.4742 00001323.2930 -0004299.0882 00005535.7512 02836322.4528 00027532.9342
> 175811 1
H41 -1822163.0068 05474169.3633 04874737.9724 00001324.3158 -0004304.5125 00005531.2444 02830748.0707 00027514.6423
> 175812 1
H41 -1820838.1804 05469682.0060 04880266.9614 00001325.3366 -0004309.9328 00005526.7326 02825177.4657 00027496.2135
> 175813 1
H41 -1819512.3343 05465189.4250 04885791.4359 00001326.3554 -0004315.3493 00005522.2156 02819610.6656 00027477.6470
> 175814 1
H41 -1818185.4703 05460691.6241 04891311.3909 00001327.3723 -0004320.7619 00005517.6936 02814047.6982 00027458.9417
> 175815 1
H41 -1816857.5904 05456188.6073 04896826.8213 00001328.3871 -0004326.1705 00005513.1664 02808488.5916 00027440.0968
> 175816 1
H41 -1815528.6967 05451680.3787 04902337.7220 00001329.4000 -0004331.5753 00005508.6341 02802933.3739 00027421.1112
> 175817 1
H41 -1814198.7910 05447166.9422 04907844.0879 00001330.4109 -0004336.9762 00005504.0968 02797382.0737 00027401.9841
> 175818 1
H41 -1812867.8755 05442648.3018 04913345.9139 00001331.4199 -0004342.3731 00005499.5543 02791834.7196 00027382.7143
> 175819 1
H41 -1811535.9520 05438124.4616 04918843.1948 00001332.4268 -0004347.7661 00005495.0068 02786291.3404 00027363.3009
> 175820 1
H41 -1810203.0226 05433595.4255 04924335.9257 00001333.4317 -0004353.1552 00005490.4541 02780751.9652 00027343.7430
> 175821 1
H41 -1808869.0892 05429061.1977 04929824.1014 00001334.4347 -0004358.5403 00005485.8964 02775216.6232 00027324.0394
> 175822 1
H41 -1807534.1538 05424521.7820 04935307.7169 00001335.4357 -0004363.9215 00005481.3337 02769685.3439 00027304.1892
> 175823 1
H41 -1806198.2184 05419977.1825 04940786.7671 00001336.4347 -0004369.2988 00005476.7658 02764158.1568 00027284.1914
> 175824 1
H41 -1804861.2850 05415427.4033 04946261.2469 00001337.4317 -0004374.6721 00005472.1929 02758635.0918 00027264.0449
> 175825 1
H41 -1803523.3556 05410872.4484 04951731.1512 00001338.4268 -0004380.0415 00005467.6149 02753116.1790 00027243.7488
> 175826 1
H41 -1802184.4321 05406312.3219 04957196.4750 00001339.4198 -0004385.4069 00005463.0319 02747601.4487 00027223.3018
> 175827 1
H41 -1800844.5166 05401747.0277 04962657.2133 00001340.4109 -0004390.7683 00005458.4438 02742090.9312 00027202.7031
> 175828 1
H41 -1799503.6110 05397176.5700 04968113.3609 00001341.4000 -0004396.1257 00005453.8507 02736584.6574 00027181.9514
> 175829 1
H41 -1798161.7173 05392600.9528 04973564.9129 00001342.3871 -0004401.4792 00005449.2525 02731082.6580 00027161.0459
> 175830 1
H41 -1796818.8375 05388020.1802 04979011.8642 00001343.3722 -0004406.8287 00005444.6492 02725584.9643 00027139.9852
> 175831 1
H41 -1795474.9736 05383434.2562 04984454.2097 00001344.3553 -0004412.1742 00005440.0410 02720091.6075 00027118.7685
> 175832 1
H41 -1794130.1276 05378843.1850 04989891.9445 00001345.3364 -0004417.5158 00005435.4277 02714602.6191 00027097.3946
> 175833 1
H41 -1792784.3015 05374246.9705 04995325.0634 00001346.3156 -0004422.8533 00005430.8094 02709118.0310 00027075.8623
> 175834 1
H41 -1791437.4972 05369645.6169 05000753.5616 00001347.2927 -0004428.1868 00005426.1860 02703637.8752 00027054.1707
> 175835 1
H41 -1790089.7167 05365039.1283 05006177.4338 00001348.2679 -0004433.5163 00005421.5577 02698162.1838 00027032.3184
> 175836 1
H41 -1788740.9620 05360427.5087 05011596.6752 00001349.2411 -0004438.8418 00005416.9243 02692690.9892 00027010.3045
> 175837 1
H41 -1787391.2352 05355810.7623 05017011.2807 00001350.2123 -0004444.1633 00005412.2859 02687224.3242 00026988.1277
> 175838 1
H41 -1786040.5382 05351188.8932 05022421.2454 00001351.1815 -0004449.4808 00005407.6425 02681762.2217 00026965.7870
> 175839 1
H41 -1784688.8729 05346561.9055 05027826.5641 00001352.1487 -0004454.7942 00005402.9941 02676304.7147 00026943.2811
> 175840 1
H41 -1783336.2415 05341929.8032 05033227.2319 00001353.1139 -0004460.1036 00005398.3407 02670851.8366 00026920.6089
> 175841 1
H41 -1781982.6458 05337292.5906 05038623.2438 00001354.0771 -0004465.4090 00005393.6823 02665403.6211 00026897.7692
> 175842 1
H41 -1780628.0878 05332650.2717 05044014.5949 00001355.0384 -0004470.7103 00005389.0189 02659960.1018 00026874.7609
> 175843 1
H41 -1779272.5697 05328002.8507 05049401.2801 00001355.9976 -0004476.0075 00005384.3506 02654521.3130 00026851.5827
> 175844 1
H41 -1777916.0932 05323350.3316 05054783.2944 00001356.9549 -0004481.3007 00005379.6772 02649087.2888 00026828.2334
> 175845 1
H41 -1776558.6605 05318692.7187 05060160.6329 00001357.9102 -0004486.5899 00005374.9989 02643658.0639 00026804.7119
> 175846 1
H41 -1775200.2735 05314030.0161 05065533.2905 00001358.8635 -0004491.8750 00005370.3156 02638233.6731 00026781.0168
> 175847 1
H41 -1773840.9342 05309362.2279 05070901.2624 00001359.8148 -0004497.1560 00005365.6274 02632814.1513 00026757.1470
> 175848 1
H41 -1772480.6447 05304689.3583 05076264.5436 00001360.7641 -0004502.4329 00005360.9341 02627399.5338 00026733.1013
> 175849 1
H41 -1771119.4068 05300011.4115 05081623.1291 00001361.7114 -0004507.7058 00005356.2359 02621989.8562 00026708.8783
> 175850 1
H41 -1769757.2226 05295328.3915 05086977.0138 00001362.6567 -0004512.9745 00005351.5328 02616585.1542 00026684.4768
> 175851 1
H41 -1768394.0941 05290640.3027 05092326.1930 00001363.6000 -0004518.2392 00005346.8247 02611185.4640 00026659.8956
> 175852 1
H41 -1767030.0233 05285947.1491 05097670.6616 00001364.5413 -0004523.4998 00005342.1117 02605790.8217 00026635.1333
> 175853 1
H41 -1765665.0121 05281248.9349 05103010.4148 00001365.4807 -0004528.7562 00005337.3937 02600401.2639 00026610.1888
> 175854 1
H41 -1764299.0626 05276545.6644 05108345.4474 00001366.4180 -0004534.0086 00005332.6708 02595016.8274 00026585.0605
> 175855 1
H41 -1762932.1768 05271837.3416 05113675.7547 00001367.3534 -0004539.2569 00005327.9430 02589637.5493 00026559.7474
> 175856 1
H41 -1761564.3566 05267123.9709 05119001.3317 00001368.2867 -0004544.5010 00005323.2102 02584263.4668 00026534.2480
> 175857 1
H41 -1760195.6040 05262405.5563 05124322.1734 00001369.2181 -0004549.7410 00005318.4725 02578894.6177 00026508.5610
> 175858 1
H41 -1758825.9211 05257682.1022 05129638.2750 00001370.1474 -0004554.9769 00005313.7299 02573531.0397 00026482.6851
> 175859 1
H41 -1757455.3098 05252953.6126 05134949.6315 00001371.0748 -0004560.2086 00005308.9823 02568172.7710 00026456.6190
> 175860 1
H41 -1756083.7722 05248220.0919 05140256.2380 00001372.0002 -0004565.4362 00005304.2299 02562819.8499 00026430.3612
> 175861 1
H41 -1754711.3101 05243481.5443 05145558.0896 00001372.9236 -0004570.6597 00005299.4725 02557472.3151 00026403.9104
> 175862 1
H41 -1753337.9257 05238737.9739 05150855.1815 00001373.8450 -0004575.8790 00005294.7103 02552130.2057 00026377.2652
> 175863 1
H41 -1751963.6209 05233989.3850 05156147.5086 00001374.7644 -0004581.0942 00005289.9431 02546793.5606 00026350.4243
> 175864 1
H41 -1750588.3976 05229235.7818 05161435.0661 00001375.6817 -0004586.3052 00005285.1711 02541462.4196 00026323.3862
> 175865 1
H41 -1749212.2580 05224477.1686 05166717.8491 00001376.5972 -0004591.5120 00005280.3941 02536136.8223 00026296.1495
> 175866 1
H41 -1747835.2040 05219713.5496 05171995.8528 00001377.5106 -0004596.7147 00005275.6123 02530816.8089 00026268.7128
> 175867 1
H41 -1746457.2376 05214944.9290 05177269.0721 00001378.4220 -0004601.9132 00005270.8256 02525502.4196 00026241.0747
> 175868 1
H41 -1745078.3607 05210171.3112 05182537.5024 00001379.3314 -0004607.1075 00005266.0341 02520193.6950 00026213.2337
> 175869 1
H41 -1743698.5755 05205392.7003 05187801.1386 00001380.2388 -0004612.2976 00005261.2376 02514890.6762 00026185.1884
> 175870 1
H41 -1742317.8838 05200609.1007 05193059.9760 00001381.1442 -0004617.4835 00005256.4363 02509593.4043 00026156.9373
> 175871 1
H41 -1740936.2877 05195820.5166 05198314.0096 00001382.0476 -0004622.6653 00005251.6301 02504301.9209 00026128.4789
> 175872 1
H41 -1739553.7892 05191026.9522 05203563.2346 00001382.9491 -0004627.8428 00005246.8191 02499016.2676 00026099.8118
> 175873 1
H41 -1738170.3903 05186228.4119 05208807.6462 00001383.8485 -0004633.0161 00005242.0032 02493736.4867 00026070.9345
> 175874 1
H41 -1736786.0929 05181424.8999 05214047.2394 00001384.7459 -0004638.1853 00005237.1825 02488462.6205 00026041.8454
> 175875 1
H41 -1735400.8992 05176616.4205 05219282.0095 00001385.6413 -0004643.3502 00005232.3569 02483194.7117 00026012.5430
> 175876 1
H41 -1734014.8109 05171802.9781 05224511.9516 00001386.5348 -0004648.5109 00005227.5265 02477932.8034 00025983.0259
> 175877 1
H41 -1732627.8303 05166984.5768 05229737.0608 00001387.4262 -0004653.6673 00005222.6912 02472676.9388 00025953.2924
> 175878 1
H41 -1731239.9592 05162161.2210 05234957.3324 00001388.3156 -0004658.8195 00005217.8511 02467427.1615 00025923.3410
> 175879 1
H41 -1729851.1997 05157332.9151 05240172.7615 00001389.2031 -0004663.9675 00005213.0062 02462183.5155 00025893.1701
> 175880 1
H41 -1728461.5537 05152499.6633 05245383.3433 00001390.0885 -0004669.1113 00005208.1565 02456946.0450 00025862.7783
> 175881 1
H41 -1727071.0233 05147661.4699 05250589.0729 00001390.9719 -0004674.2508 00005203.3019 02451714.7947 00025832.1638
> 175882 1
H41 -1725679.6105 05142818.3393 05255789.9455 00001391.8534 -0004679.3860 00005198.4426 02446489.8092 00025801.3252
> 175883 1
H41 -1724287.3172 05137970.2758 05260985.9564 00001392.7328 -0004684.5170 00005193.5784 02441271.1340 00025770.2607
> 175884 1
H41 -1722894.1455 05133117.2837 05266177.1007 00001393.6103 -0004689.6437 00005188.7094 02436058.8144 00025738.9688
> 175885 1
H41 -1721500.0974 05128259.3673 05271363.3736 00001394.4857 -0004694.7662 00005183.8356 02430852.8963 00025707.4479
> 175886 1
H41 -1720105.1748 05123396.5311 05276544.7704 00001395.3591 -0004699.8844 00005178.9571 02425653.4259 00025675.6962
> 175887 1
H41 -1718709.3798 05118528.7793 05281721.2861 00001396.2306 -0004704.9983 00005174.0737 02420460.4497 00025643.7122
> 175888 1
H41 -1717312.7143 05113656.1162 05286892.9162 00001397.1000 -0004710.1079 00005169.1855 02415274.0144 00025611.4942
> 175889 1
H41 -1715915.1804 05108778.5463 05292059.6556 00001397.9675 -0004715.2133 00005164.2926 02410094.1674 00025579.0405
> 175890 1
H41 -1714516.7801 05103896.0740 05297221.4998 00001398.8329 -0004720.3143 00005159.3949 02404920.9560 00025546.3495
> 175891 1
H41 -1713117.5153 05099008.7034 05302378.4438 00001399.6963 -0004725.4111 00005154.4924 02399754.4281 00025513.4193
> 175892 1
H41 -1711717.3881 05094116.4392 05307530.4830 00001400.5578 -0004730.5035 00005149.5852 02394594.6318 00025480.2484
> 175893 1
H41 -1710316.4004 05089219.2855 05312677.6126 00001401.4172 -0004735.5916 00005144.6732 02389441.6158 00025446.8350
> 175894 1
H41 -1708914.5543 05084317.2468 05317819.8278 00001402.2746 -0004740.6755 00005139.7564 02384295.4288 00025413.1773
> 175895 1
H41 -1707511.8518 05079410.3275 05322957.1238 00001403.1301 -0004745.7550 00005134.8349 02379156.1201 00025379.2737
> 175896 1
H41 -1706108.2949 05074498.5319 05328089.4959 00001403.9835 -0004750.8301 00005129.9086 02374023.7392 00025345.1223
> 175897 1
H41 -1704703.8855 05069581.8645 05333216.9394 00001404.8349 -0004755.9010 00005124.9776 02368898.3360 00025310.7214
> 175898 1
H41 -1703298.6257 05064660.3297 05338339.4494 00001405.6843 -0004760.9675 00005120.0418 02363779.9608 00025276.0693
> 175899 1
H41 -1701892.5175 05059733.9318 05343457.0214 00001406.5318 -0004766.0297 00005115.1013 02358668.6643 00025241.1640
> 175900 1
H41 -1700485.5628 05054802.6753 05348569.6504 00001407.3772 -0004771.0875 00005110.1561 02353564.4973 00025206.0039
> 175901 1
H41 -1699077.7638 05049866.5645 05353677.3319 00001408.2206 -0004776.1410 00005105.2061 02348467.5113 00025170.5870
> 175902 1
H41 -1697669.1223 05044925.6039 05358780.0611 00001409.0620 -0004781.1902 00005100.2514 02343377.7579 00025134.9117
> 175903 1
H41 -1696259.6404 05039979.7980 05363877.8332 00001409.9014 -0004786.2350 00005095.2920 02338295.2893 00025098.9759
> 175904 1
H41 -1694849.3201 05035029.1510 05368970.6435 00001410.7389 -0004791.2754 00005090.3279 02333220.1579 00025062.7780
> 175905 1
H41 -1693438.1634 05030073.6676 05374058.4874 00001411.5743 -0004796.3114 00005085.3591 02328152.4164 00025026.3159
> 175906 1
H41 -1692026.1722 05025113.3520 05379141.3602 00001412.4077 -0004801.3431 00005080.3856 02323092.1181 00024989.5879
> 175907 1
H41 -1690613.3487 05020148.2088 05384219.2570 00001413.2391 -0004806.3704 00005075.4073 02318039.3165 00024952.5921
> 175908 1
H41 -1689199.6948 05015178.2424 05389292.1733 00001414.0685 -0004811.3933 00005070.4244 02312994.0656 00024915.3265
> 175909 1
H41 -1687785.2124 05010203.4572 05394360.1043 00001414.8959 -0004816.4118 00005065.4368 02307956.4196 00024877.7892
> 175910 1
H41 -1686369.9037 05005223.8577 05399423.0454 00001415.7213 -0004821.4260 00005060.4445 02302926.4334 00024839.9784
> 175911 1
H41 -1684953.7706 05000239.4484 05404480.9918 00001416.5446 -0004826.4357 00005055.4475 02297904.1619 00024801.8921
> 175912 1
H41 -1683536.8151 04995250.2337 05409533.9389 00001417.3660 -0004831.4410 00005050.4459 02292889.6607 00024763.5283
> 175913 1
H41 -1682119.0392 04990256.2181 05414581.8820 00001418.1854 -0004836.4419 00005045.4396 02287882.9856 00024724.8850
> 175914 1
H41 -1680700.4449 04985257.4060 05419624.8165 00001419.0028 -0004841.4384 00005040.4286 02282884.1929 00024685.9604
> 175915 1
H41 -1679281.0343 04980253.8020 05424662.7376 00001419.8182 -0004846.4305 00005035.4129 02277893.3392 00024646.7524
> 175916 1
H41 -1677860.8092 04975245.4105 05429695.6408 00001420.6315 -0004851.4182 00005030.3926 02272910.4815 00024607.2591
> 175917 1
H41 -1676439.7719 04970232.2360 05434723.5213 00001421.4429 -0004856.4014 00005025.3676 02267935.6774 00024567.4784
> 175918 1
H41 -1675017.9241 04965214.2830 05439746.3745 00001422.2523 -0004861.3802 00005020.3380 02262968.9847 00024527.4082
> 175919 1
H41 -1673595.2680 04960191.5560 05444764.1958 00001423.0596 -0004866.3546 00005015.3038 02258010.4616 00024487.0467
> 175920 1
H41 -1672171.8055 04955164.0595 05449776.9805 00001423.8650 -0004871.3245 00005010.2649 02253060.1667 00024446.3917
> 175921 1
H41 -1670747.5387 04950131.7980 05454784.7240 00001424.6683 -0004876.2900 00005005.2213 02248118.1593 00024405.4412
> 175922 1
H41 -1669322.4696 04945094.7760 05459787.4216 00001425.4697 -0004881.2510 00005000.1732 02243184.4986 00024364.1931
> 175923 1
H41 -1667896.6001 04940052.9981 05464785.0688 00001426.2690 -0004886.2076 00004995.1204 02238259.2447 00024322.6453
> 175924 1
H41 -1666469.9322 04935006.4687 05469777.6609 00001427.0663 -0004891.1597 00004990.0630 02233342.4578 00024280.7958
> 175925 1
H41 -1665042.4681 04929955.1924 05474765.1932 00001427.8617 -0004896.1073 00004985.0010 02228434.1987 00024238.6425
> 175926 1
H41 -1663614.2096 04924899.1737 05479747.6613 00001428.6550 -0004901.0505 00004979.9343 02223534.5285 00024196.1832
> 175927 1
H41 -1662185.1587 04919838.4172 05484725.0604 00001429.4463 -0004905.9892 00004974.8631 02218643.5088 00024153.4158
> 175928 1
H41 -1660755.3176 04914772.9273 05489697.3859 00001430.2356 -0004910.9233 00004969.7872 02213761.2015 00024110.3382
> 175929 1
H41 -1659324.6882 04909702.7087 05494664.6333 00001431.0229 -0004915.8531 00004964.7068 02208887.6692 00024066.9483
> 175930 1
H41 -1657893.2724 04904627.7658 05499626.7980 00001431.8082 -0004920.7783 00004959.6218 02204022.9745 00024023.2438
> 175931 1
H41 -1656461.0723 04899548.1033 05504583.8753 00001432.5915 -0004925.6990 00004954.5321 02199167.1810 00023979.2226
> 175932 1
H41 -1655028.0900 04894463.7256 05509535.8608 00001433.3728 -0004930.6152 00004949.4379 02194320.3521 00023934.8826
> 175933 1
H41 -1653594.3273 04889374.6374 05514482.7497 00001434.1521 -0004935.5269 00004944.3392 02189482.5522 00023890.2216
> 175934 1
H41 -1652159.7864 04884280.8432 05519424.5376 00001434.9294 -0004940.4341 00004939.2358 02184653.8457 00023845.2372
> 175935 1
H41 -1650724.4692 04879182.3476 05524361.2198 00001435.7047 -0004945.3368 00004934.1279 02179834.2978 00023799.9274
> 175936 1
H41 -1649288.3777 04874079.1551 05529292.7918 00001436.4780 -0004950.2350 00004929.0154 02175023.9739 00023754.2900
> 175937 1
H41 -1647851.5139 04868971.2704 05534219.2490 00001437.2492 -0004955.1286 00004923.8983 02170222.9399 00023708.3226
> 175938 1
H41 -1646413.8799 04863858.6981 05539140.5870 00001438.0185 -0004960.0177 00004918.7767 02165431.2621 00023662.0230
> 175939 1
H41 -1644975.4776 04858741.4426 05544056.8010 00001438.7857 -0004964.9023 00004913.6506 02160649.0074 00023615.3890
> 175940 1
H41 -1643536.3091 04853619.5087 05548967.8866 00001439.5510 -0004969.7823 00004908.5199 02155876.2431 00023568.4183
> 175941 1
H41 -1642096.3763 04848492.9008 05553873.8393 00001440.3142 -0004974.6578 00004903.3846 02151113.0369 00023521.1087
> 175942 1
H41 -1640655.6813 04843361.6237 05558774.6544 00001441.0755 -0004979.5287 00004898.2449 02146359.4569 00023473.4578
> 175943 1
H41 -1639214.2260 04838225.6819 05563670.3275 00001441.8347 -0004984.3951 00004893.1006 02141615.5718 00023425.4634
> 175944 1
H41 -1637772.0125 04833085.0800 05568560.8540 00001442.5919 -0004989.2569 00004887.9517 02136881.4507 00023377.1231
> 175945 1
H41 -1636329.0428 04827939.8227 05573446.2294 00001443.3472 -0004994.1141 00004882.7984 02132157.1631 00023328.4347
> 175946 1
H41 -1634885.3189 04822789.9146 05578326.4493 00001444.1004 -0004998.9668 00004877.6405 02127442.7790 00023279.3958
> 175947 1
H41 -1633440.8427 04817635.3603 05583201.5089 00001444.8516 -0005003.8149 00004872.4781 02122738.3689 00023230.0040
> 175948 1
H41 -1631995.6164 04812476.1644 05588071.4040 00001445.6008 -0005008.6584 00004867.3112 02118044.0038 00023180.2571
> 175949 1
H41 -1630549.6418 04807312.3316 05592936.1299 00001446.3480 -0005013.4974 00004862.1398 02113359.7550 00023130.1527
> 175950 1
H41 -1629102.9211 04802143.8664 05597795.6822 00001447.0932 -0005018.3317 00004856.9640 02108685.6944 00023079.6884
> 175951 1
H41 -1627655.4561 04796970.7737 05602650.0563 00001447.8364 -0005023.1615 00004851.7836 02104021.8945 00023028.8618
> 175952 1
H41 -1626207.2490 04791793.0579 05607499.2478 00001448.5776 -0005027.9866 00004846.5987 02099368.4280 00022977.6706
> 175953 1
H41 -1624758.3017 04786610.7238 05612343.2522 00001449.3167 -0005032.8072 00004841.4093 02094725.3683 00022926.1124
> 175954 1
H41 -1623308.6162 04781423.7760 05617182.0650 00001450.0539 -0005037.6231 00004836.2155 02090092.7890 00022874.1848
> 175955 1
H41 -1621858.1945 04776232.2192 05622015.6817 00001450.7891 -0005042.4344 00004831.0172 02085470.7645 00022821.8854
> 175956 1
H41 -1620407.0387 04771036.0580 05626844.0979 00001451.5222 -0005047.2411 00004825.8144 02080859.3696 00022769.2117
> 175957 1
H41 -1618955.1507 04765835.2972 05631667.3091 00001452.2534 -0005052.0432 00004820.6072 02076258.6794 00022716.1614
> 175958 1
H41 -1617502.5326 04760629.9414 05636485.3108 00001452.9825 -0005056.8407 00004815.3955 02071668.7696 00022662.7321
> 175959 1
H41 -1616049.1864 04755419.9952 05641298.0986 00001453.7097 -0005061.6335 00004810.1793 02067089.7165 00022608.9212
> 175960 1
H41 -1614595.1140 04750205.4634 05646105.6680 00001454.4348 -0005066.4217 00004804.9587 02062521.5966 00022554.7263
> 175961 1
H41 -1613140.3174 04744986.3506 05650908.0146 00001455.1579 -0005071.2052 00004799.7337 02057964.4873 00022500.1451
> 175962 1
H41 -1611684.7988 04739762.6616 05655705.1339 00001455.8791 -0005075.9841 00004794.5042 02053418.4661 00022445.1750
> 175963 1
H41 -1610228.5600 04734534.4010 05660497.0215 00001456.5982 -0005080.7584 00004789.2703 02048883.6111 00022389.8137
> 175964 1
H41 -1608771.6031 04729301.5736 05665283.6730 00001457.3153 -0005085.5279 00004784.0319 02044360.0011 00022334.0585
> 175965 1
H41 -1607313.9301 04724064.1840 05670065.0839 00001458.0304 -0005090.2929 00004778.7892 02039847.7150 00022277.9071
> 175966 1
H41 -1605855.5430 04718822.2371 05674841.2498 00001458.7435 -0005095.0531 00004773.5420 02035346.8327 00022221.3569
> 175967 1
H41 -1604396.4438 04713575.7374 05679612.1663 00001459.4546 -0005099.8087 00004768.2903 02030857.4341 00022164.4056
> 175968 1
H41 -1602936.6345 04708324.6897 05684377.8290 00001460.1637 -0005104.5596 00004763.0343 02026379.5998 00022107.0506
> 175969 1
H41 -1601476.1171 04703069.0987 05689138.2335 00001460.8708 -0005109.3059 00004757.7739 02021913.4111 00022049.2894
> 175970 1
H41 -1600014.8937 04697808.9692 05693893.3753 00001461.5758 -0005114.0474 00004752.5091 02017458.9494 00021991.1195
> 175971 1
H41 -1598552.9661 04692544.3059 05698643.2501 00001462.2789 -0005118.7843 00004747.2398 02013016.2969 00021932.5384
> 175972 1
H41 -1597090.3365 04687275.1135 05703387.8535 00001462.9800 -0005123.5164 00004741.9662 02008585.5362 00021873.5436
> 175973 1
H41 -1595627.0068 04682001.3969 05708127.1811 00001463.6790 -0005128.2439 00004736.6882 02004166.7504 00021814.1327
> 175974 1
H41 -1594162.9791 04676723.1606 05712861.2285 00001464.3761 -0005132.9666 00004731.4058 01999760.0231 00021754.3030
> 175975 1
H41 -1592698.2553 04671440.4096 05717589.9913 00001465.0712 -0005137.6847 00004726.1190 01995365.4383 00021694.0522
> 175976 1
H41 -1591232.8375 04666153.1485 05722313.4651 00001465.7642 -0005142.3980 00004720.8279 01990983.0807 00021633.3776
> 175977 1
H41 -1589766.7276 04660861.3821 05727031.6456 00001466.4552 -0005147.1066 00004715.5324 01986613.0354 00021572.2768
> 175978 1
H41 -1588299.9276 04655565.1151 05731744.5285 00001467.1443 -0005151.8105 00004710.2325 01982255.3880 00021510.7472
> 175979 1
H41 -1586832.4397 04650264.3524 05736452.1093 00001467.8313 -0005156.5097 00004704.9283 01977910.2245 00021448.7863
> 175980 1
H41 -1585364.2657 04644959.0987 05741154.3837 00001468.5163 -0005161.2041 00004699.6197 01973577.6317 00021386.3917
> 175981 1
H41 -1583895.4077 04639649.3588 05745851.3473 00001469.1994 -0005165.8938 00004694.3068 01969257.6965 00021323.5608
> 175982 1
H41 -1582425.8677 04634335.1375 05750542.9959 00001469.8804 -0005170.5788 00004688.9896 01964950.5067 00021260.2910
> 175983 1
H41 -1580955.6476 04629016.4396 05755229.3250 00001470.5594 -0005175.2590 00004683.6680 01960656.1503 00021196.5799
> 175984 1
H41 -1579484.7496 04623693.2698 05759910.3303 00001471.2364 -0005179.9344 00004678.3420 01956374.7159 00021132.4250
> 175985 1
H41 -1578013.1755 04618365.6330 05764586.0076 00001471.9114 -0005184.6051 00004673.0118 01952106.2926 00021067.8237
> 175986 1
H41 -1576540.9274 04613033.5339 05769256.3524 00001472.5844 -0005189.2711 00004667.6772 01947850.9701 00021002.7735
> 175987 1
H41 -1575068.0074 04607696.9774 05773921.3605 00001473.2554 -0005193.9322 00004662.3383 01943608.8385 00020937.2719
> 175988 1
H41 -1573594.4173 04602355.9683 05778581.0276 00001473.9244 -0005198.5886 00004656.9951 01939379.9883 00020871.3165
> 175989 1
H41 -1572120.1593 04597010.5113 05783235.3492 00001474.5914 -0005203.2403 00004651.6475 01935164.5107 00020804.9046
> 175990 1
H41 -1570645.2353 04591660.6114 05787884.3212 00001475.2563 -0005207.8871 00004646.2957 01930962.4973 00020738.0339
> 175991 1
H41 -1569169.6473 04586306.2733 05792527.9392 00001475.9193 -0005212.5292 00004640.9396 01926774.0403 00020670.7017
> 175992 1
H41 -1567693.3973 04580947.5018 05797166.1990 00001476.5803 -0005217.1665 00004635.5792 01922599.2321 00020602.9057
> 175993 1
H41 -1566216.4874 04575584.3019 05801799.0961 00001477.2393 -0005221.7989 00004630.2145 01918438.1659 00020534.6434
> 175994 1
H41 -1564738.9195 04570216.6782 05806426.6265 00001477.8962 -0005226.4266 00004624.8455 01914290.9353 00020465.9122
> 175995 1
H41 -1563260.6956 04564844.6358 05811048.7857 00001478.5512 -0005231.0495 00004619.4722 01910157.6344 00020396.7098
> 175996 1
H41 -1561781.8178 04559468.1793 05815665.5695 00001479.2041 -0005235.6676 00004614.0947 01906038.3577 00020327.0336
> 175997 1
H41 -1560302.2880 04554087.3137 05820276.9736 00001479.8551 -0005240.2809 00004608.7129 01901933.2003 00020256.8812
> 175998 1
H41 -1558822.1082 04548702.0439 05824882.9938 00001480.5041 -0005244.8893 00004603.3268 01897842.2577 00020186.2501
> 175999 1
H41 -1557341.2805 04543312.3746 05829483.6258 00001481.1510 -0005249.4929 00004597.9365 01893765.6261 00020115.1380
> 176000 1
H41 -1555859.8069 04537918.3107 05834078.8654 00001481.7959 -0005254.0917 00004592.5419 01889703.4018 00020043.5424
> 176001 1
H41 -1554377.6893 04532519.8572 05838668.7082 00001482.4389 -0005258.6857 00004587.1431 01885655.6819 00019971.4608
> 176002 1
H41 -1552894.9298 04527117.0188 05843253.1501 00001483.0798 -0005263.2749 00004581.7400 01881622.5639 00019898.8910
> 176003 1
H41 -1551411.5304 04521709.8005 05847832.1868 00001483.7188 -0005267.8592 00004576.3327 01877604.1457 00019825.8304
> 176004 1
H41 -1549927.4930 04516298.2071 05852405.8140 00001484.3557 -0005272.4386 00004570.9211 01873600.5257 00019752.2768
> 176005 1
H41 -1548442.8196 04510882.2435 05856974.0276 00001484.9906 -0005277.0132 00004565.5054 01869611.8028 00019678.2277
> 176006 1
H41 -1546957.5124 04505461.9147 05861536.8233 00001485.6236 -0005281.5830 00004560.0854 01865638.0765 00019603.6809
> 176007 1
H41 -1545471.5732 04500037.2254 05866094.1969 00001486.2545 -0005286.1479 00004554.6612 01861679.4465 00019528.6339
> 176008 1
H41 -1543985.0041 04494608.1806 05870646.1442 00001486.8834 -0005290.7079 00004549.2327 01857736.0131 00019453.0845
> 176009 1
H41 -1542497.8071 04489174.7852 05875192.6610 00001487.5103 -0005295.2631 00004543.8001 01853807.8771 00019377.0304
> 176010 1
H41 -1541009.9841 04483737.0441 05879733.7430 00001488.1352 -0005299.8134 00004538.3632 01849895.1397 00019300.4692
> 176011 1
H41 -1539521.5372 04478294.9623 05884269.3861 00001488.7582 -0005304.3588 00004532.9222 01845997.9025 00019223.3988
> 176012 1
H41 -1538032.4685 04472848.5445 05888799.5860 00001489.3791 -0005308.8993 00004527.4770 01842116.2677 00019145.8168
> 176013 1
H41 -1536542.7798 04467397.7958 05893324.3386 00001489.9980 -0005313.4350 00004522.0276 01838250.3378 00019067.7211
> 176014 1
H41 -1535052.4731 04461942.7211 05897843.6398 00001490.6149 -0005317.9658 00004516.5740 01834400.2158 00018989.1094
> 176015 1
H41 -1533561.5506 04456483.3253 05902357.4852 00001491.2298 -0005322.4916 00004511.1162 01830566.0051 00018909.9795
> 176016 1
H41 -1532070.0142 04451019.6133 05906865.8707 00001491.8427 -0005327.0126 00004505.6542 01826747.8095 00018830.3294
> 176017 1
H41 -1530577.8658 04445551.5900 05911368.7922 00001492.4536 -0005331.5287 00004500.1881 01822945.7335 00018750.1568
> 176018 1
H41 -1529085.1075 04440079.2605 05915866.2456 00001493.0626 -0005336.0399 00004494.7178 01819159.8816 00018669.4596
> 176019 1
H41 -1527591.7414 04434602.6296 05920358.2265 00001493.6695 -0005340.5461 00004489.2434 01815390.3591 00018588.2358
> 176020 1
H41 -1526097.7693 04429121.7023 05924844.7310 00001494.2744 -0005345.0474 00004483.7648 01811637.2714 00018506.4832
> 176021 1
H41 -1524603.1933 04423636.4835 05929325.7547 00001494.8773 -0005349.5439 00004478.2821 01807900.7245 00018424.1999
> 176022 1
H41 -1523108.0154 04418146.9782 05933801.2937 00001495.4782 -0005354.0353 00004472.7952 01804180.8247 00018341.3838
> 176023 1
H41 -1521612.2376 04412653.1914 05938271.3437 00001496.0771 -0005358.5219 00004467.3041 01800477.6788 00018258.0329
> 176024 1
H41 -1520115.8619 04407155.1281 05942735.9006 00001496.6740 -0005363.0035 00004461.8090 01796791.3940 00018174.1454
> 176025 1
H41 -1518618.8902 04401652.7931 05947194.9603 00001497.2689 -0005367.4802 00004456.3097 01793122.0777 00018089.7192
> 176026 1
H41 -1517121.3247 04396146.1915 05951648.5187 00001497.8618 -0005371.9520 00004450.8063 01789469.8378 00018004.7525
> 176027 1
H41 -1515623.1672 04390635.3283 05956096.5715 00001498.4527 -0005376.4188 00004445.2988 01785834.7827 00017919.2433
> 176028 1
H41 -1514124.4199 04385120.2084 05960539.1149 00001499.0417 -0005380.8806 00004439.7872 01782217.0209 00017833.1900
> 176029 1
H41 -1512625.0846 04379600.8368 05964976.1445 00001499.6286 -0005385.3375 00004434.2714 01778616.6614 00017746.5907
> 176030 1
H41 -1511125.1634 04374077.2185 05969407.6563 00001500.2135 -0005389.7894 00004428.7516 01775033.8136 00017659.4436
> 176031 1
H41 -1509624.6583 04368549.3586 05973833.6463 00001500.7964 -0005394.2364 00004423.2276 01771468.5872 00017571.7470
> 176032 1
H41 -1508123.5712 04363017.2619 05978254.1103 00001501.3773 -0005398.6784 00004417.6996 01767921.0923 00017483.4993
> 176033 1
H41 -1506621.9043 04357480.9336 05982669.0442 00001501.9562 -0005403.1154 00004412.1675 01764391.4390 00017394.6987
> 176034 1
H41 -1505119.6594 04351940.3785 05987078.4439 00001502.5332 -0005407.5474 00004406.6313 01760879.7382 00017305.3438
> 176035 1
H41 -1503616.8386 04346395.6018 05991482.3054 00001503.1081 -0005411.9745 00004401.0910 01757386.1008 00017215.4328
> 176036 1
H41 -1502113.4439 04340846.6084 05995880.6246 00001503.6810 -0005416.3965 00004395.5467 01753910.6381 00017124.9644
> 176037 1
H41 -1500609.4773 04335293.4034 06000273.3974 00001504.2520 -0005420.8136 00004389.9983 01750453.4617 00017033.9369
> 176038 1
H41 -1499104.9407 04329735.9918 06004660.6198 00001504.8209 -0005425.2257 00004384.4458 01747014.6835 00016942.3491
> 176039 1
H41 -1497599.8361 04324174.3786 06009042.2877 00001505.3878 -0005429.6327 00004378.8893 01743594.4156 00016850.1994
> 176040 1
H41 -1496094.1657 04318608.5689 06013418.3970 00001505.9528 -0005434.0348 00004373.3287 01740192.7705 00016757.4866
> 176041 1
H41 -1494587.9313 04313038.5676 06017788.9437 00001506.5157 -0005438.4319 00004367.7641 01736809.8608 00016664.2093
> 176042 1
H41 -1493081.1349 04307464.3798 06022153.9238 00001507.0767 -0005442.8239 00004362.1954 01733445.7995 00016570.3663
> 176043 1
H41 -1491573.7786 04301886.0107 06026513.3332 00001507.6356 -0005447.2109 00004356.6227 01730100.6997 00016475.9564
> 176044 1
H41 -1490065.8644 04296303.4651 06030867.1679 00001508.1926 -0005451.5929 00004351.0460 01726774.6749 00016380.9785
> 176045 1
H41 -1488557.3942 04290716.7482 06035215.4238 00001508.7475 -0005455.9699 00004345.4652 01723467.8388 00016285.4313
> 176046 1
H41 -1487048.3700 04285125.8651 06039558.0970 00001509.3005 -0005460.3418 00004339.8805 01720180.3050 00016189.3140
> 176047 1
H41 -1485538.7939 04279530.8207 06043895.1834 00001509.8515 -0005464.7087 00004334.2917 01716912.1877 00016092.6255
> 176048 1
H41 -1484028.6677 04273931.6202 06048226.6790 00001510.4004 -0005469.0706 00004328.6989 01713663.6011 00015995.3648
> 176049 1
H41 -1482517.9936 04268328.2686 06052552.5798 00001510.9474 -0005473.4274 00004323.1021 01710434.6596 00015897.5312
> 176050 1
H41 -1481006.7736 04262720.7710 06056872.8818 00001511.4924 -0005477.7792 00004317.5013 01707225.4778 00015799.1237
> 176051 1
H41 -1479495.0095 04257109.1325 06061187.5810 00001512.0354 -0005482.1259 00004311.8965 01704036.1704 00015700.1416
> 176052 1
H41 -1477982.7034 04251493.3581 06065496.6734 00001512.5764 -0005486.4675 00004306.2877 01700866.8522 00015600.5842
> 176053 1
H41 -1476469.8574 04245873.4530 06069800.1550 00001513.1154 -0005490.8041 00004300.6749 01697717.6383 00015500.4508
> 176054 1
H41 -1474956.4733 04240249.4222 06074098.0219 00001513.6524 -0005495.1357 00004295.0582 01694588.6438 00015399.7409
> 176055 1
H41 -1473442.5532 04234621.2709 06078390.2701 00001514.1874 -0005499.4621 00004289.4375 01691479.9838 00015298.4540
> 176056 1
H41 -1471928.0991 04228989.0041 06082676.8955 00001514.7205 -0005503.7835 00004283.8128 01688391.7738 00015196.5896
> 176057 1
H41 -1470413.1129 04223352.6269 06086957.8943 00001515.2515 -0005508.0998 00004278.1841 01685324.1290 00015094.1473
> 176058 1
H41 -1468897.5967 04217712.1444 06091233.2625 00001515.7805 -0005512.4110 00004272.5515 01682277.1649 00014991.1267
> 176059 1
H41 -1467381.5525 04212067.5618 06095502.9960 00001516.3076 -0005516.7171 00004266.9150 01679250.9971 00014887.5278
> 176060 1
H41 -1465864.9822 04206418.8842 06099767.0911 00001516.8326 -0005521.0182 00004261.2745 01676245.7411 00014783.3502
> 176061 1
H41 -1464347.8879 04200766.1166 06104025.5436 00001517.3557 -0005525.3141 00004255.6300 01673261.5124 00014678.5938
> 176062 1
H41 -1462830.2715 04195109.2643 06108278.3498 00001517.8768 -0005529.6049 00004249.9816 01670298.4266 00014573.2586
> 176063 1
H41 -1461312.1350 04189448.3322 06112525.5056 00001518.3959 -0005533.8906 00004244.3293 01667356.5994 00014467.3447
> 176064 1
H41 -1459793.4804 04183783.3257 06116767.0071 00001518.9130 -0005538.1713 00004238.6731 01664436.1462 00014360.8522
> 176065 1
H41 -1458274.3097 04178114.2497 06121002.8504 00001519.4281 -0005542.4468 00004233.0129 01661537.1826 00014253.7811
> 176066 1
H41 -1456754.6249 04172441.1094 06125233.0316 00001519.9412 -0005546.7171 00004227.3488 01658659.8241 00014146.1319
> 176067 1
H41 -1455234.4280 04166763.9101 06129457.5468 00001520.4523 -0005550.9824 00004221.6808 01655804.1859 00014037.9048
> 176068 1
H41 -1453713.7210 04161082.6567 06133676.3920 00001520.9614 -0005555.2425 00004216.0090 01652970.3836 00013929.1002
> 176069 1
H41 -1452192.5058 04155397.3546 06137889.5634 00001521.4686 -0005559.4975 00004210.3332 01650158.5323 00013819.7187
> 176070 1
H41 -1450670.7845 04149708.0087 06142097.0571 00001521.9737 -0005563.7474 00004204.6535 01647368.7471 00013709.7608
> 176071 1
H41 -1449148.5590 04144014.6244 06146298.8691 00001522.4769 -0005567.9921 00004198.9699 01644601.1429 00013599.2272
> 176072 1
H41 -1447625.8313 04138317.2067 06150494.9956 00001522.9781 -0005572.2317 00004193.2824 01641855.8348 00013488.1186
> 176073 1
H41 -1446102.6035 04132615.7608 06154685.4327 00001523.4773 -0005576.4661 00004187.5911 01639132.9372 00013376.4358
> 176074 1
H41 -1444578.8774 04126910.2919 06158870.1765 00001523.9745 -0005580.6954 00004181.8959 01636432.5647 00013264.1798
> 176075 1
H41 -1443054.6552 04121200.8051 06163049.2231 00001524.4697 -0005584.9195 00004176.1968 01633754.8317 00013151.3515
> 176076 1
H41 -1441529.9387 04115487.3057 06167222.5688 00001524.9629 -0005589.1385 00004170.4939 01631099.8521 00013037.9520
> 176077 1
H41 -1440004.7300 04109769.7989 06171390.2096 00001525.4542 -0005593.3523 00004164.7871 01628467.7399 00012923.9826
> 176078 1
H41 -1438479.0311 04104048.2897 06175552.1416 00001525.9434 -0005597.5609 00004159.0764 01625858.6086 00012809.4445
> 176079 1
H41 -1436952.8439 04098322.7835 06179708.3611 00001526.4307 -0005601.7643 00004153.3619 01623272.5716 00012694.3390
> 176080 1
H41 -1435426.1704 04092593.2853 06183858.8641 00001526.9160 -0005605.9626 00004147.6435 01620709.7420 00012578.6675
> 176081 1
H41 -1433899.0126 04086859.8004 06188003.6469 00001527.3992 -0005610.1557 00004141.9214 01618170.2324 00012462.4317
> 176082 1
H41 -1432371.3726 04081122.3341 06192142.7056 00001527.8806 -0005614.3436 00004136.1954 01615654.1553 00012345.6331
> 176083 1
H41 -1430843.2522 04075380.8914 06196276.0363 00001528.3599 -0005618.5263 00004130.4655 01613161.6228 00012228.2735
> 176084 1
H41 -1429314.6535 04069635.4777 06200403.6353 00001528.8372 -0005622.7038 00004124.7319 01610692.7465 00012110.3547
> 176085 1
H41 -1427785.5784 04063886.0981 06204525.4988 00001529.3126 -0005626.8761 00004118.9944 01608247.6379 00011991.8786
> 176086 1
H41 -1426256.0290 04058132.7578 06208641.6228 00001529.7859 -0005631.0432 00004113.2531 01605826.4078 00011872.8472
> 176087 1
H41 -1424726.0072 04052375.4621 06212752.0037 00001530.2573 -0005635.2051 00004107.5080 01603429.1668 00011753.2626
> 176088 1
H41 -1423195.5150 04046614.2162 06216856.6376 00001530.7267 -0005639.3618 00004101.7591 01601056.0250 00011633.1271
> 176089 1
H41 -1421664.5544 04040849.0254 06220955.5206 00001531.1942 -0005643.5133 00004096.0064 01598707.0919 00011512.4430
> 176090 1
H41 -1420133.1274 04035079.8948 06225048.6491 00001531.6596 -0005647.6595 00004090.2500 01596382.4767 00011391.2126
> 176091 1
H41 -1418601.2359 04029306.8297 06229136.0193 00001532.1230 -0005651.8006 00004084.4897 01594082.2881 00011269.4385
> 176092 1
H41 -1417068.8819 04023529.8353 06233217.6273 00001532.5845 -0005655.9363 00004078.7257 01591806.6341 00011147.1233
> 176093 1
H41 -1415536.0675 04017748.9169 06237293.4694 00001533.0440 -0005660.0669 00004072.9579 01589555.6224 00011024.2698
> 176094 1
H41 -1414002.7946 04011964.0798 06241363.5417 00001533.5015 -0005664.1922 00004067.1863 01587329.3599 00010900.8806
> 176095 1
H41 -1412469.0651 04006175.3291 06245427.8407 00001533.9570 -0005668.3123 00004061.4109 01585127.9532 00010776.9588
> 176096 1
H41 -1410934.8811 04000382.6703 06249486.3624 00001534.4106 -0005672.4272 00004055.6318 01582951.5080 00010652.5074
> 176097 1
H41 -1409400.2446 03994586.1084 06253539.1031 00001534.8622 -0005676.5368 00004049.8490 01580800.1295 00010527.5295
> 176098 1
H41 -1407865.1575 03988785.6488 06257586.0591 00001535.3117 -0005680.6411 00004044.0624 01578673.9224 00010402.0283
> 176099 1
H41 -1406329.6218 03982981.2967 06261627.2267 00001535.7594 -0005684.7402 00004038.2721 01576572.9906 00010276.0072
> 176100 1
H41 -1404793.6394 03977173.0575 06265662.6020 00001536.2050 -0005688.8340 00004032.4780 01574497.4371 00010149.4696
> 176101 1
H41 -1403257.2125 03971360.9363 06269692.1814 00001536.6486 -0005692.9225 00004026.6802 01572447.3647 00010022.4191
> 176102 1
H41 -1401720.3428 03965544.9385 06273715.9612 00001537.0903 -0005697.0058 00004020.8787 01570422.8750 00009894.8593
> 176103 1
H41 -1400183.0325 03959725.0694 06277733.9376 00001537.5300 -0005701.0838 00004015.0734 01568424.0691 00009766.7940
> 176104 1
H41 -1398645.2835 03953901.3342 06281746.1068 00001537.9677 -0005705.1565 00004009.2645 01566451.0473 00009638.2271
> 176105 1
H41 -1397107.0978 03948073.7383 06285752.4653 00001538.4034 -0005709.2240 00004003.4518 01564503.9090 00009509.1625
> 176106 1
H41 -1395568.4773 03942242.2869 06289753.0092 00001538.8372 -0005713.2861 00003997.6354 01562582.7529 00009379.6044
> 176107 1
H41 -1394029.4240 03936406.9854 06293747.7349 00001539.2690 -0005717.3430 00003991.8154 01560687.6768 00009249.5568
> 176108 1
H41 -1392489.9400 03930567.8390 06297736.6388 00001539.6988 -0005721.3946 00003985.9916 01558818.7777 00009119.0242
> 176109 1
H41 -1390950.0271 03924724.8530 06301719.7170 00001540.1266 -0005725.4409 00003980.1642 01556976.1516 00008988.0110
> 176110 1
H41 -1389409.6874 03918878.0328 06305696.9659 00001540.5525 -0005729.4818 00003974.3330 01555159.8939 00008856.5215
> 176111 1
H41 -1387868.9228 03913027.3837 06309668.3818 00001540.9764 -0005733.5175 00003968.4982 01553370.0986 00008724.5606
> 176112 1
H41 -1386327.7353 03907172.9110 06313633.9611 00001541.3983 -0005737.5478 00003962.6598 01551606.8592 00008592.1328
> 176113 1
H41 -1384786.1269 03901314.6200 06317593.7001 00001541.8182 -0005741.5729 00003956.8176 01549870.2680 00008459.2431
> 176114 1
H41 -1383244.0996 03895452.5160 06321547.5951 00001542.2361 -0005745.5926 00003950.9718 01548160.4164 00008325.8963
> 176115 1
H41 -1381701.6553 03889586.6044 06325495.6425 00001542.6521 -0005749.6070 00003945.1224 01546477.3948 00008192.0976
> 176116 1
H41 -1380158.7960 03883716.8905 06329437.8386 00001543.0661 -0005753.6161 00003939.2692 01544821.2925 00008057.8520
> 176117 1
H41 -1378615.5237 03877843.3797 06333374.1798 00001543.4782 -0005757.6198 00003933.4125 01543192.1977 00007923.1648
> 176118 1
H41 -1377071.8403 03871966.0772 06337304.6624 00001543.8882 -0005761.6182 00003927.5521 01541590.1978 00007788.0415
> 176119 1
H41 -1375527.7479 03866084.9885 06341229.2828 00001544.2963 -0005765.6112 00003921.6881 01540015.3788 00007652.4874
> 176120 1
H41 -1373983.2483 03860200.1189 06345148.0374 00001544.7024 -0005769.5990 00003915.8204 01538467.8257 00007516.5082
> 176121 1
H41 -1372438.3437 03854311.4737 06349060.9225 00001545.1066 -0005773.5813 00003909.9492 01536947.6225 00007380.1094
> 176122 1
H41 -1370893.0358 03848419.0583 06352967.9345 00001545.5088 -0005777.5584 00003904.0743 01535454.8519 00007243.2970
> 176123 1
H41 -1369347.3268 03842522.8781 06356869.0698 00001545.9090 -0005781.5300 00003898.1958 01533989.5954 00007106.0767
> 176124 1
H41 -1367801.2185 03836622.9384 06360764.3248 00001546.3072 -0005785.4963 00003892.3137 01532551.9334 00006968.4546
> 176125 1
H41 -1366254.7130 03830719.2445 06364653.6960 00001546.7035 -0005789.4573 00003886.4280 01531141.9451 00006830.4368
> 176126 1
H41 -1364707.8122 03824811.8019 06368537.1796 00001547.0978 -0005793.4128 00003880.5387 01529759.7083 00006692.0294
> 176127 1
H41 -1363160.5181 03818900.6160 06372414.7721 00001547.4901 -0005797.3630 00003874.6458 01528405.2997 00006553.2386
> 176128 1
H41 -1361612.8327 03812985.6921 06376286.4699 00001547.8805 -0005801.3078 00003868.7493 01527078.7948 00006414.0710
> 176129 1
H41 -1360064.7579 03807067.0356 06380152.2695 00001548.2689 -0005805.2473 00003862.8492 01525780.2675 00006274.5329
> 176130 1
H41 -1358516.2957 03801144.6518 06384012.1672 00001548.6553 -0005809.1813 00003856.9456 01524509.7907 00006134.6310
> 176131 1
H41 -1356967.4480 03795218.5462 06387866.1595 00001549.0397 -0005813.1100 00003851.0384 01523267.4359 00005994.3718
> 176132 1
H41 -1355418.2168 03789288.7242 06391714.2429 00001549.4222 -0005817.0333 00003845.1277 01522053.2730 00005853.7622
> 176133 1
H41 -1353868.6042 03783355.1912 06395556.4137 00001549.8027 -0005820.9512 00003839.2133 01520867.3710 00005712.8090
> 176134 1
H41 -1352318.6120 03777417.9526 06399392.6684 00001550.1813 -0005824.8637 00003833.2955 01519709.7970 00005571.5192
> 176135 1
H41 -1350768.2422 03771477.0137 06403223.0035 00001550.5579 -0005828.7708 00003827.3741 01518580.6171 00005429.8997
> 176136 1
H41 -1349217.4969 03765532.3800 06407047.4153 00001550.9325 -0005832.6724 00003821.4491 01517479.8957 00005287.9578
> 176137 1
H41 -1347666.3778 03759584.0568 06410865.9005 00001551.3052 -0005836.5687 00003815.5206 01516407.6959 00005145.7005
> 176138 1
H41 -1346114.8871 03753632.0498 06414678.4554 00001551.6759 -0005840.4595 00003809.5886 01515364.0794 00005003.1352
> 176139 1
H41 -1344563.0267 03747676.3641 06418485.0766 00001552.0446 -0005844.3450 00003803.6531 01514349.1063 00004860.2693
> 176140 1
H41 -1343010.7985 03741717.0053 06422285.7604 00001552.4114 -0005848.2250 00003797.7140 01513362.8352 00004717.1102
> 176141 1
H41 -1341458.2046 03735753.9788 06426080.5034 00001552.7762 -0005852.0996 00003791.7714 01512405.3234 00004573.6655
> 176142 1
H41 -1339905.2468 03729787.2899 06429869.3021 00001553.1391 -0005855.9687 00003785.8254 01511476.6263 00004429.9427
> 176143 1
H41 -1338351.9271 03723816.9443 06433652.1530 00001553.4999 -0005859.8324 00003779.8758 01510576.7981 00004285.9495
> 176144 1
H41 -1336798.2475 03717842.9472 06437429.0525 00001553.8589 -0005863.6907 00003773.9227 01509705.8914 00004141.6938
> 176145 1
H41 -1335244.2100 03711865.3042 06441199.9972 00001554.2158 -0005867.5435 00003767.9661 01508863.9570 00003997.1833
> 176146 1
H41 -1333689.8165 03705884.0206 06444964.9836 00001554.5708 -0005871.3909 00003762.0061 01508051.0445 00003852.4260
> 176147 1
H41 -1332135.0690 03699899.1020 06448724.0082 00001554.9239 -0005875.2329 00003756.0425 01507267.2015 00003707.4298
> 176148 1
H41 -1330579.9694 03693910.5537 06452477.0675 00001555.2750 -0005879.0693 00003750.0755 01506512.4743 00003562.2028
> 176149 1
H41 -1329024.5197 03687918.3813 06456224.1581 00001555.6241 -0005882.9004 00003744.1051 01505786.9074 00003416.7530
> 176150 1
H41 -1327468.7218 03681922.5901 06459965.2765 00001555.9713 -0005886.7259 00003738.1311 01505090.5437 00003271.0887
> 176151 1
H41 -1325912.5778 03675923.1857 06463700.4192 00001556.3165 -0005890.5460 00003732.1537 01504423.4245 00003125.2181
> 176152 1
H41 -1324356.0896 03669920.1736 06467429.5828 00001556.6597 -0005894.3606 00003726.1729 01503785.5895 00002979.1494
> 176153 1
H41 -1322799.2590 03663913.5591 06471152.7638 00001557.0010 -0005898.1698 00003720.1886 01503177.0766 00002832.8911
> 176154 1
H41 -1321242.0882 03657903.3478 06474869.9588 00001557.3404 -0005901.9735 00003714.2008 01502597.9219 00002686.4514
> 176155 1
H41 -1319684.5790 03651889.5452 06478581.1643 00001557.6777 -0005905.7717 00003708.2097 01502048.1602 00002539.8389
> 176156 1
H41 -1318126.7334 03645872.1567 06482286.3769 00001558.0132 -0005909.5644 00003702.2150 01501527.8243 00002393.0621
> 176157 1
H41 -1316568.5533 03639851.1878 06485985.5932 00001558.3466 -0005913.3516 00003696.2170 01501036.9453 00002246.1294
> 176158 1
H41 -1315010.0407 03633826.6440 06489678.8098 00001558.6781 -0005917.1333 00003690.2156 01500575.5527 00002099.0496
> 176159 1
H41 -1313451.1977 03627798.5308 06493366.0232 00001559.0077 -0005920.9096 00003684.2107 01500143.6742 00001951.8312
> 176160 1
H41 -1311892.0260 03621766.8538 06497047.2301 00001559.3353 -0005924.6803 00003678.2024 01499741.3357 00001804.4828
> 176161 1
H41 -1310332.5277 03615731.6183 06500722.4270 00001559.6610 -0005928.4455 00003672.1908 01499368.5616 00001657.0133
> 176162 1
H41 -1308772.7047 03609692.8299 06504391.6105 00001559.9847 -0005932.2052 00003666.1757 01499025.3742 00001509.4313
> 176163 1
H41 -1307212.5590 03603650.4941 06508054.7772 00001560.3064 -0005935.9594 00003660.1572 01498711.7942 00001361.7457
> 176164 1
H41 -1305652.0925 03597604.6164 06511711.9238 00001560.6262 -0005939.7081 00003654.1354 01498427.8407 00001213.9651
> 176165 1
H41 -1304091.3071 03591555.2023 06515363.0468 00001560.9441 -0005943.4513 00003648.1102 01498173.5309 00001066.0986
> 176166 1
H41 -1302530.2050 03585502.2574 06519008.1430 00001561.2600 -0005947.1889 00003642.0815 01497948.8800 00000918.1548
> 176167 1
H41 -1300968.7878 03579445.7872 06522647.2088 00001561.5739 -0005950.9211 00003636.0496 01497753.9018 00000770.1428
> 176168 1
H41 -1299407.0578 03573385.7971 06526280.2410 00001561.8859 -0005954.6477 00003630.0142 01497588.6080 00000622.0713
> 176169 1
H41 -1297845.0166 03567322.2928 06529907.2362 00001562.1960 -0005958.3687 00003623.9755 01497453.0088 00000473.9494
> 176170 1
H41 -1296282.6665 03561255.2797 06533528.1910 00001562.5041 -0005962.0842 00003617.9335 01497347.1124 00000325.7859
> 176171 1
H41 -1294720.0092 03555184.7634 06537143.1021 00001562.8102 -0005965.7942 00003611.8881 01497270.9253 00000177.5898
> 176172 1
H41 -1293157.0467 03549110.7494 06540751.9661 00001563.1144 -0005969.4986 00003605.8394 01497224.4521 00000029.3700
> 176173 1
H41 -1291593.7809 03543033.2433 06544354.7797 00001563.4167 -0005973.1975 00003599.7873 01497207.6957 -0000118.8645
> 176174 1
H41 -1290030.2139 03536952.2506 06547951.5396 00001563.7170 -0005976.8908 00003593.7319 01497220.6573 -0000267.1048
> 176175 1
H41 -1288466.3476 03530867.7768 06551542.2424 00001564.0154 -0005980.5786 00003587.6732 01497263.3360 -0000415.3418
> 176176 1
H41 -1286902.1839 03524779.8276 06555126.8849 00001564.3118 -0005984.2608 00003581.6111 01497335.7294 -0000563.5667
> 176177 1
H41 -1285337.7247 03518688.4084 06558705.4636 00001564.6063 -0005987.9375 00003575.5458 01497437.8332 -0000711.7705
> 176178 1
H41 -1283772.9720 03512593.5249 06562277.9754 00001564.8988 -0005991.6085 00003569.4771 01497569.6413 -0000859.9442
> 176179 1
H41 -1282207.9277 03506495.1826 06565844.4168 00001565.1894 -0005995.2740 00003563.4052 01497731.1457 -0001008.0790
> 176180 1
H41 -1280642.5939 03500393.3870 06569404.7846 00001565.4780 -0005998.9340 00003557.3299 01497922.3368 -0001156.1658
> 176181 1
H41 -1279076.9723 03494288.1437 06572959.0755 00001565.7647 -0006002.5883 00003551.2514 01498143.2032 -0001304.1958
> 176182 1
H41 -1277511.0651 03488179.4584 06576507.2862 00001566.0495 -0006006.2371 00003545.1695 01498393.7314 -0001452.1601
> 176183 1
H41 -1275944.8740 03482067.3365 06580049.4135 00001566.3323 -0006009.8802 00003539.0844 01498673.9066 -0001600.0498
> 176184 1
H41 -1274378.4011 03475951.7836 06583585.4539 00001566.6132 -0006013.5178 00003532.9960 01498983.7119 -0001747.8561
> 176185 1
H41 -1272811.6483 03469832.8055 06587115.4044 00001566.8921 -0006017.1498 00003526.9044 01499323.1286 -0001895.5701
> 176186 1
H41 -1271244.6175 03463710.4075 06590639.2616 00001567.1691 -0006020.7762 00003520.8094 01499692.1365 -0002043.1831
> 176187 1
H41 -1269677.3107 03457584.5954 06594157.0222 00001567.4442 -0006024.3970 00003514.7113 01500090.7134 -0002190.6863
> 176188 1
H41 -1268109.7298 03451455.3746 06597668.6830 00001567.7173 -0006028.0122 00003508.6098 01500518.8355 -0002338.0710
> 176189 1
H41 -1266541.8767 03445322.7509 06601174.2408 00001567.9885 -0006031.6218 00003502.5052 01500976.4771 -0002485.3284
> 176190 1
H41 -1264973.7535 03439186.7298 06604673.6923 00001568.2577 -0006035.2257 00003496.3973 01501463.6109 -0002632.4500
> 176191 1
H41 -1263405.3619 03433047.3169 06608167.0342 00001568.5250 -0006038.8241 00003490.2861 01501980.2078 -0002779.4271
> 176192 1
H41 -1261836.7040 03426904.5178 06611654.2634 00001568.7904 -0006042.4168 00003484.1717 01502526.2370 -0002926.2512
> 176193 1
H41 -1260267.7818 03420758.3382 06615135.3766 00001569.0538 -0006046.0039 00003478.0541 01503101.6660 -0003072.9136
> 176194 1
H41 -1258698.5970 03414608.7836 06618610.3706 00001569.3153 -0006049.5854 00003471.9333 01503706.4606 -0003219.4061
> 176195 1
H41 -1257129.1517 03408455.8596 06622079.2422 00001569.5749 -0006053.1613 00003465.8093 01504340.5847 -0003365.7200
> 176196 1
H41 -1255559.4479 03402299.5720 06625541.9881 00001569.8325 -0006056.7315 00003459.6821 01505004.0009 -0003511.8471
> 176197 1
H41 -1253989.4873 03396139.9263 06628998.6052 00001570.0882 -0006060.2961 00003453.5516 01505696.6699 -0003657.7790
> 176198 1
H41 -1252419.2721 03389976.9280 06632449.0903 00001570.3420 -0006063.8550 00003447.4180 01506418.5507 -0003803.5075
> 176199 1
H41 -1250848.8040 03383810.5830 06635893.4401 00001570.5938 -0006067.4083 00003441.2812 01507169.6008 -0003949.0243
> 176200 1
H41 -1249278.0851 03377640.8968 06639331.6516 00001570.8437 -0006070.9559 00003435.1412 01507949.7759 -0004094.3214
> 176201 1
H41 -1247707.1172 03371467.8750 06642763.7214 00001571.0917 -0006074.4979 00003428.9980 01508759.0302 -0004239.3906
> 176202 1
H41 -1246135.9023 03365291.5233 06646189.6465 00001571.3377 -0006078.0342 00003422.8516 01509597.3162 -0004384.2240
> 176203 1
H41 -1244564.4424 03359111.8473 06649609.4236 00001571.5818 -0006081.5649 00003416.7021 01510464.5848 -0004528.8136
> 176204 1
H41 -1242992.7393 03352928.8527 06653023.0497 00001571.8240 -0006085.0899 00003410.5494 01511360.7855 -0004673.1514
> 176205 1
H41 -1241420.7950 03346742.5451 06656430.5215 00001572.0643 -0006088.6093 00003404.3936 01512285.8660 -0004817.2298
> 176206 1
H41 -1239848.6114 03340552.9302 06659831.8359 00001572.3026 -0006092.1229 00003398.2346 01513239.7726 -0004961.0410
> 176207 1
H41 -1238276.1905 03334360.0137 06663226.9897 00001572.5390 -0006095.6309 00003392.0725 01514222.4500 -0005104.5774
> 176208 1
H41 -1236703.5341 03328163.8011 06666615.9798 00001572.7734 -0006099.1332 00003385.9072 01515233.8412 -0005247.8312
> 176209 1
H41 -1235130.6442 03321964.2982 06669998.8031 00001573.0060 -0006102.6299 00003379.7389 01516273.8880 -0005390.7952
> 176210 1
H41 -1233557.5228 03315761.5107 06673375.4565 00001573.2366 -0006106.1208 00003373.5673 01517342.5306 -0005533.4618
> 176211 1
H41 -1231984.1717 03309555.4441 06676745.9367 00001573.4653 -0006109.6061 00003367.3927 01518439.7077 -0005675.8237
> 176212 1
H41 -1230410.5928 03303346.1042 06680110.2408 00001573.6921 -0006113.0857 00003361.2149 01519565.3563 -0005817.8737
> 176213 1
H41 -1228836.7882 03297133.4967 06683468.3656 00001573.9169 -0006116.5595 00003355.0341 01520719.4125 -0005959.6045
> 176214 1
H41 -1227262.7597 03290917.6272 06686820.3079 00001574.1398 -0006120.0277 00003348.8501 01521901.8105 -0006101.0092
> 176215 1
H41 -1225688.5092 03284698.5015 06690166.0647 00001574.3608 -0006123.4902 00003342.6630 01523112.4832 -0006242.0807
> 176216 1
H41 -1224114.0387 03278476.1251 06693505.6329 00001574.5799 -0006126.9470 00003336.4729 01524351.3623 -0006382.8121
> 176217 1
H41 -1222539.3501 03272250.5038 06696839.0094 00001574.7970 -0006130.3980 00003330.2796 01525618.3779 -0006523.1967
> 176218 1
H41 -1220964.4453 03266021.6434 06700166.1912 00001575.0123 -0006133.8434 00003324.0833 01526913.4589 -0006663.2276
> 176219 1
H41 -1219389.3262 03259789.5494 06703487.1750 00001575.2256 -0006137.2830 00003317.8839 01528236.5327 -0006802.8983
> 176220 1
H41 -1217813.9948 03253554.2276 06706801.9579 00001575.4370 -0006140.7169 00003311.6814 01529587.5256 -0006942.2023
> 176221 1
H41 -1216238.4529 03247315.6837 06710110.5368 00001575.6464 -0006144.1451 00003305.4759 01530966.3624 -0007081.1331
> 176222 1
H41 -1214662.7025 03241073.9235 06713412.9087 00001575.8540 -0006147.5676 00003299.2673 01532372.9668 -0007219.6843
> 176223 1
H41 -1213086.7456 03234828.9525 06716709.0704 00001576.0596 -0006150.9843 00003293.0557 01533807.2611 -0007357.8498
> 176224 1
H41 -1211510.5839 03228580.7765 06719999.0190 00001576.2634 -0006154.3953 00003286.8410 01535269.1664 -0007495.6234
> 176225 1
H41 -1209934.2195 03222329.4014 06723282.7513 00001576.4652 -0006157.8005 00003280.6232 01536758.6026 -0007632.9990
> 176226 1
H41 -1208357.6542 03216074.8326 06726560.2644 00001576.6650 -0006161.2001 00003274.4025 01538275.4885 -0007769.9707
> 176227 1
H41 -1206780.8900 03209817.0761 06729831.5553 00001576.8630 -0006164.5938 00003268.1787 01539819.7415 -0007906.5328
> 176228 1
H41 -1205203.9288 03203556.1374 06733096.6208 00001577.0591 -0006167.9819 00003261.9519 01541391.2780 -0008042.6793
> 176229 1
H41 -1203626.7725 03197292.0224 06736355.4580 00001577.2532 -0006171.3641 00003255.7220 01542990.0132 -0008178.4048
> 176230 1
H41 -1202049.4230 03191024.7368 06739608.0639 00001577.4454 -0006174.7407 00003249.4892 01544615.8613 -0008313.7036
> 176231 1
H41 -1200471.8823 03184754.2863 06742854.4354 00001577.6358 -0006178.1114 00003243.2533 01546268.7352 -0008448.5704
> 176232 1
H41 -1198894.1521 03178480.6767 06746094.5695 00001577.8242 -0006181.4764 00003237.0145 01547948.5470 -0008582.9998
> 176233 1
H41 -1197316.2346 03172203.9136 06749328.4633 00001578.0107 -0006184.8357 00003230.7726 01549655.2075 -0008716.9867
> 176234 1
H41 -1195738.1314 03165924.0029 06752556.1138 00001578.1953 -0006188.1891 00003224.5278 01551388.6265 -0008850.5258
> 176235 1
H41 -1194159.8447 03159640.9502 06755777.5179 00001578.3779 -0006191.5368 00003218.2800 01553148.7129 -0008983.6123
> 176236 1
H41 -1192581.3762 03153354.7615 06758992.6728 00001578.5587 -0006194.8787 00003212.0292 01554935.3746 -0009116.2411
> 176237 1
H41 -1191002.7279 03147065.4423 06762201.5753 00001578.7376 -0006198.2149 00003205.7754 01556748.5185 -0009248.4076
> 176238 1
H41 -1189423.9017 03140772.9984 06765404.2226 00001578.9145 -0006201.5452 00003199.5187 01558588.0505 -0009380.1069
> 176239 1
H41 -1187844.8995 03134477.4357 06768600.6117 00001579.0896 -0006204.8698 00003193.2590 01560453.8756 -0009511.3346
> 176240 1
H41 -1186265.7232 03128178.7598 06771790.7396 00001579.2627 -0006208.1886 00003186.9964 01562345.8979 -0009642.0862
> 176241 1
H41 -1184686.3748 03121876.9766 06774974.6034 00001579.4339 -0006211.5016 00003180.7308 01564264.0207 -0009772.3573
> 176242 1
H41 -1183106.8560 03115572.0918 06778152.2002 00001579.6033 -0006214.8088 00003174.4622 01566208.1464 -0009902.1436
> 176243 1
H41 -1181527.1689 03109264.1113 06781323.5269 00001579.7707 -0006218.1102 00003168.1908 01568178.1764 -0010031.4410
> 176244 1
H41 -1179947.3153 03102953.0406 06784488.5807 00001579.9362 -0006221.4058 00003161.9164 01570174.0116 -0010160.2455
> 176245 1
H41 -1178367.2971 03096638.8858 06787647.3586 00001580.0998 -0006224.6956 00003155.6390 01572195.5517 -0010288.5531
> 176246 1
H41 -1176787.1163 03090321.6524 06790799.8578 00001580.2615 -0006227.9795 00003149.3588 01574242.6960 -0010416.3599
> 176247 1
H41 -1175206.7747 03084001.3464 06793946.0752 00001580.4213 -0006231.2577 00003143.0756 01576315.3429 -0010543.6623
> 176248 1
H41 -1173626.2742 03077677.9735 06797086.0080 00001580.5793 -0006234.5301 00003136.7896 01578413.3900 -0010670.4567
> 176249 1
H41 -1172045.6168 03071351.5395 06800219.6534 00001580.7353 -0006237.7966 00003130.5006 01580536.7342 -0010796.7394
> 176250 1
H41 -1170464.8044 03065022.0502 06803347.0082 00001580.8894 -0006241.0573 00003124.2087 01582685.2719 -0010922.5072
> 176251 1
H41 -1168883.8387 03058689.5113 06806468.0698 00001581.0416 -0006244.3122 00003117.9140 01584858.8986 -0011047.7567
> 176252 1
H41 -1167302.7218 03052353.9288 06809582.8352 00001581.1919 -0006247.5612 00003111.6163 01587057.5092 -0011172.4847
> 176253 1
H41 -1165721.4555 03046015.3084 06812691.3015 00001581.3403 -0006250.8045 00003105.3158 01589280.9981 -0011296.6881
> 176254 1
H41 -1164140.0418 03039673.6559 06815793.4659 00001581.4868 -0006254.0418 00003099.0124 01591529.2590 -0011420.3639
> 176255 1
H41 -1162558.4825 03033328.9771 06818889.3254 00001581.6315 -0006257.2734 00003092.7062 01593802.1850 -0011543.5093
> 176256 1
H41 -1160976.7795 03026981.2779 06821978.8773 00001581.7742 -0006260.4991 00003086.3970 01596099.6686 -0011666.1215
> 176257 1
H41 -1159394.9347 03020630.5640 06825062.1186 00001581.9150 -0006263.7190 00003080.0851 01598421.6020 -0011788.1977
> 176258 1
H41 -1157812.9500 03014276.8412 06828139.0465 00001582.0540 -0006266.9330 00003073.7703 01600767.8765 -0011909.7354
> 176259 1
H41 -1156230.8273 03007920.1155 06831209.6581 00001582.1910 -0006270.1411 00003067.4526 01603138.3833 -0012030.7321
> 176260 1
H41 -1154648.5686 03001560.3926 06834273.9507 00001582.3262 -0006273.3434 00003061.1321 01605533.0127 -0012151.1855
> 176261 1
H41 -1153066.1756 02995197.6784 06837331.9214 00001582.4595 -0006276.5399 00003054.8088 01607951.6548 -0012271.0933
> 176262 1
H41 -1151483.6503 02988831.9786 06840383.5673 00001582.5908 -0006279.7305 00003048.4826 01610394.1993 -0012390.4532
> 176263 1
H41 -1149900.9946 02982463.2992 06843428.8856 00001582.7203 -0006282.9152 00003042.1536 01612860.5353 -0012509.2632
> 176264 1
H41 -1148318.2103 02976091.6459 06846467.8736 00001582.8479 -0006286.0940 00003035.8218 01615350.5516 -0012627.5213
> 176265 1
H41 -1146735.2994 02969717.0246 06849500.5283 00001582.9736 -0006289.2670 00003029.4872 01617864.1366 -0012745.2256
> 176266 1
H41 -1145152.2637 02963339.4412 06852526.8471 00001583.0974 -0006292.4341 00003023.1498 01620401.1783 -0012862.3744
> 176267 1
H41 -1143569.1051 02956958.9014 06855546.8270 00001583.2194 -0006295.5953 00003016.8096 01622961.5644 -0012978.9658
> 176268 1
H41 -1141985.8256 02950575.4112 06858560.4654 00001583.3394 -0006298.7507 00003010.4666 01625545.1823 -0013094.9984
> 176269 1
H41 -1140402.4269 02944188.9764 06861567.7594 00001583.4576 -0006301.9001 00003004.1209 01628151.9190 -0013210.4706
> 176270 1
H41 -1138818.9110 02937799.6029 06864568.7062 00001583.5739 -0006305.0437 00002997.7723 01630781.6613 -0013325.3810
> 176271 1
H41 -1137235.2798 02931407.2965 06867563.3030 00001583.6882 -0006308.1814 00002991.4210 01633434.2956 -0013439.7282
> 176272 1
H41 -1135651.5352 02925012.0630 06870551.5472 00001583.8007 -0006311.3131 00002985.0669 01636109.7083 -0013553.5110
> 176273 1
H41 -1134067.6790 02918613.9084 06873533.4359 00001583.9114 -0006314.4390 00002978.7100 01638807.7852 -0013666.7283
> 176274 1
H41 -1132483.7130 02912212.8385 06876508.9663 00001584.0201 -0006317.5590 00002972.3504 01641528.4122 -0013779.3789
> 176275 1
H41 -1130899.6393 02905808.8591 06879478.1358 00001584.1270 -0006320.6731 00002965.9880 01644271.4748 -0013891.4620
> 176276 1
H41 -1129315.4597 02899401.9763 06882440.9415 00001584.2320 -0006323.7813 00002959.6229 01647036.8585 -0014002.9766
> 176277 1
H41 -1127731.1761 02892992.1957 06885397.3808 00001584.3351 -0006326.8835 00002953.2551 01649824.4485 -0014113.9219
> 176278 1
H41 -1126146.7902 02886579.5234 06888347.4508 00001584.4363 -0006329.9799 00002946.8845 01652634.1298 -0014224.2971
> 176279 1
H41 -1124562.3041 02880163.9651 06891291.1489 00001584.5356 -0006333.0703 00002940.5112 01655465.7874 -0014334.1017
> 176280 1
H41 -1122977.7196 02873745.5269 06894228.4723 00001584.6331 -0006336.1548 00002934.1352 01658319.3062 -0014443.3351
> 176281 1
H41 -1121393.0385 02867324.2145 06897159.4184 00001584.7287 -0006339.2334 00002927.7565 01661194.5709 -0014551.9968
> 176282 1
H41 -1119808.2628 02860900.0339 06900083.9844 00001584.8224 -0006342.3061 00002921.3750 01664091.4661 -0014660.0864
> 176283 1
H41 -1118223.3944 02854472.9909 06903002.1676 00001584.9142 -0006345.3728 00002914.9909 01667009.8764 -0014767.6035
> 176284 1
H41 -1116638.4350 02848043.0915 06905913.9652 00001585.0042 -0006348.4336 00002908.6040 01669949.6864 -0014874.5480
> 176285 1
H41 -1115053.3866 02841610.3415 06908819.3747 00001585.0923 -0006351.4885 00002902.2145 01672910.7805 -0014980.9196
> 176286 1
H41 -1113468.2510 02835174.7469 06911718.3934 00001585.1785 -0006354.5374 00002895.8223 01675893.0432 -0015086.7183
> 176287 1
H41 -1111883.0302 02828736.3136 06914611.0184 00001585.2629 -0006357.5804 00002889.4274 01678896.3590 -0015191.9440
> 176288 1
H41 -1110297.7259 02822295.0474 06917497.2473 00001585.3453 -0006360.6174 00002883.0298 01681920.6123 -0015296.5968
> 176289 1
H41 -1108712.3401 02815850.9543 06920377.0772 00001585.4259 -0006363.6485 00002876.6296 01684965.6877 -0015400.6768
> 176290 1
H41 -1107126.8746 02809404.0403 06923250.5056 00001585.5047 -0006366.6736 00002870.2267 01688031.4696 -0015504.1842
> 176291 1
H41 -1105541.3314 02802954.3111 06926117.5297 00001585.5816 -0006369.6928 00002863.8211 01691117.8426 -0015607.1192
> 176292 1
H41 -1103955.7121 02796501.7728 06928978.1470 00001585.6566 -0006372.7061 00002857.4129 01694224.6915 -0015709.4822
> 176293 1
H41 -1102370.0189 02790046.4312 06931832.3547 00001585.7297 -0006375.7133 00002851.0021 01697351.9008 -0015811.2735
> 176294 1
H41 -1100784.2534 02783588.2924 06934680.1503 00001585.8010 -0006378.7146 00002844.5886 01700499.3554 -0015912.4937
> 176295 1
H41 -1099198.4176 02777127.3621 06937521.5311 00001585.8704 -0006381.7100 00002838.1725 01703666.9402 -0016013.1432
> 176296 1
H41 -1097612.5133 02770663.6464 06940356.4944 00001585.9379 -0006384.6993 00002831.7538 01706854.5402 -0016113.2226
> 176297 1
H41 -1096026.5424 02764197.1512 06943185.0377 00001586.0036 -0006387.6827 00002825.3324 01710062.0406 -0016212.7326
> 176298 1
H41 -1094440.5068 02757727.8824 06946007.1584 00001586.0674 -0006390.6601 00002818.9084 01713289.3266 -0016311.6738
> 176299 1
H41 -1092854.4083 02751255.8460 06948822.8538 00001586.1293 -0006393.6316 00002812.4819 01716536.2838 -0016410.0471
> 176300 1
H41 -1091268.2488 02744781.0478 06951632.1213 00001586.1894 -0006396.5970 00002806.0527 01719802.7977 -0016507.8532
> 176301 1
H41 -1089682.0302 02738303.4940 06954434.9583 00001586.2476 -0006399.5565 00002799.6209 01723088.7540 -0016605.0930
> 176302 1
H41 -1088095.7542 02731823.1903 06957231.3622 00001586.3040 -0006402.5100 00002793.1865 01726394.0389 -0016701.7676
> 176303 1
H41 -1086509.4228 02725340.1428 06960021.3305 00001586.3585 -0006405.4575 00002786.7496 01729718.5383 -0016797.8777
> 176304 1
H41 -1084923.0378 02718854.3574 06962804.8605 00001586.4111 -0006408.3990 00002780.3101 01733062.1387 -0016893.4246
> 176305 1
H41 -1083336.6011 02712365.8401 06965581.9498 00001586.4619 -0006411.3345 00002773.8680 01736424.7267 -0016988.4092
> 176306 1
H41 -1081750.1146 02705874.5967 06968352.5956 00001586.5109 -0006414.2640 00002767.4233 01739806.1891 -0017082.8328
> 176307 1
H41 -1080163.5800 02699380.6334 06971116.7955 00001586.5579 -0006417.1875 00002760.9761 01743206.4130 -0017176.6965
> 176308 1
H41 -1078576.9993 02692883.9561 06973874.5469 00001586.6032 -0006420.1050 00002754.5263 01746625.2856 -0017270.0015
> 176309 1
H41 -1076990.3744 02686384.5706 06976625.8473 00001586.6465 -0006423.0165 00002748.0740 01750062.6945 -0017362.7492
> 176310 1
H41 -1075403.7069 02679882.4831 06979370.6940 00001586.6880 -0006425.9219 00002741.6191 01753518.5276 -0017454.9409
> 176311 1
H41 -1073816.9989 02673377.6994 06982109.0847 00001586.7277 -0006428.8214 00002735.1617 01756992.6730 -0017546.5780
> 176312 1
H41 -1072230.2521 02666870.2255 06984841.0166 00001586.7655 -0006431.7148 00002728.7018 01760485.0190 -0017637.6619
> 176313 1
H41 -1070643.4685 02660360.0675 06987566.4874 00001586.8015 -0006434.6022 00002722.2393 01763995.4544 -0017728.1941
> 176314 1
H41 -1069056.6498 02653847.2313 06990285.4944 00001586.8356 -0006437.4836 00002715.7743 01767523.8681 -0017818.1760
> 176315 1
H41 -1067469.7980 02647331.7229 06992998.0352 00001586.8678 -0006440.3590 00002709.3068 01771070.1495 -0017907.6093
> 176316 1
H41 -1065882.9148 02640813.5483 06995704.1072 00001586.8982 -0006443.2283 00002702.8368 01774634.1881 -0017996.4955
> 176317 1
H41 -1064296.0021 02634292.7134 06998403.7080 00001586.9268 -0006446.0916 00002696.3644 01778215.8740 -0018084.8362
> 176318 1
H41 -1062709.0617 02627769.2243 07001096.8351 00001586.9535 -0006448.9489 00002689.8894 01781815.0974 -0018172.6332
> 176319 1
H41 -1061122.0956 02621243.0870 07003783.4859 00001586.9784 -0006451.8001 00002683.4119 01785431.7489 -0018259.8882
> 176320 1
H41 -1059535.1056 02614714.3074 07006463.6580 00001587.0014 -0006454.6453 00002676.9319 01789065.7196 -0018346.6028
> 176321 1
H41 -1057948.0934 02608182.8916 07009137.3490 00001587.0226 -0006457.4844 00002670.4495 01792716.9007 -0018432.7788
> 176322 1
H41 -1056361.0609 02601648.8455 07011804.5562 00001587.0420 -0006460.3175 00002663.9646 01796385.1839 -0018518.4181
> 176323 1
H41 -1054774.0101 02595112.1752 07014465.2773 00001587.0594 -0006463.1445 00002657.4772 01800070.4614 -0018603.5225
> 176324 1
H41 -1053186.9427 02588572.8867 07017119.5098 00001587.0751 -0006465.9655 00002650.9874 01803772.6255 -0018688.0939
> 176325 1
H41 -1051599.8605 02582030.9860 07019767.2512 00001587.0889 -0006468.7805 00002644.4951 01807491.5692 -0018772.1342
> 176326 1
H41 -1050012.7654 02575486.4791 07022408.4992 00001587.1009 -0006471.5893 00002638.0004 01811227.1856 -0018855.6453
> 176327 1
H41 -1048425.6593 02568939.3720 07025043.2512 00001587.1110 -0006474.3921 00002631.5032 01814979.3683 -0018938.6292
> 176328 1
H41 -1046838.5440 02562389.6707 07027671.5048 00001587.1193 -0006477.1889 00002625.0036 01818748.0113 -0019021.0879
> 176329 1
H41 -1045251.4213 02555837.3814 07030293.2576 00001587.1258 -0006479.9795 00002618.5016 01822533.0092 -0019103.0233
> 176330 1
H41 -1043664.2930 02549282.5099 07032908.5071 00001587.1304 -0006482.7641 00002611.9971 01826334.2566 -0019184.4376
> 176331 1
H41 -1042077.1611 02542725.0623 07035517.2510 00001587.1332 -0006485.5427 00002605.4902 01830151.6489 -0019265.3328
> 176332 1
H41 -1040490.0272 02536165.0447 07038119.4868 00001587.1342 -0006488.3151 00002598.9810 01833985.0817 -0019345.7110
> 176333 1
H41 -1038902.8933 02529602.4630 07040715.2121 00001587.1333 -0006491.0815 00002592.4693 01837834.4511 -0019425.5743
> 176334 1
H41 -1037315.7613 02523037.3234 07043304.4246 00001587.1306 -0006493.8418 00002585.9552 01841699.6536 -0019504.9249
> 176335 1
H41 -1035728.6328 02516469.6318 07045887.1217 00001587.1260 -0006496.5960 00002579.4387 01845580.5863 -0019583.7649
> 176336 1
H41 -1034141.5098 02509899.3944 07048463.3012 00001587.1197 -0006499.3441 00002572.9199 01849477.1464 -0019662.0965
> 176337 1
H41 -1032554.3941 02503326.6170 07051032.9607 00001587.1114 -0006502.0861 00002566.3986 01853389.2320 -0019739.9219
> 176338 1
H41 -1030967.2875 02496751.3059 07053596.0977 00001587.1014 -0006504.8221 00002559.8750 01857316.7411 -0019817.2434
> 176339 1
H41 -1029380.1919 02490173.4670 07056152.7099 00001587.0896 -0006507.5519 00002553.3490 01861259.5726 -0019894.0631
> 176340 1
H41 -1027793.1090 02483593.1064 07058702.7950 00001587.0759 -0006510.2756 00002546.8207 01865217.6258 -0019970.3833
> 176341 1
H41 -1026206.0408 02477010.2301 07061246.3505 00001587.0603 -0006512.9932 00002540.2900 01869190.8001 -0020046.2064
> 176342 1
H41 -1024618.9889 02470424.8442 07063783.3742 00001587.0430 -0006515.7048 00002533.7569 01873178.9959 -0020121.5345
> 176343 1
H41 -1023031.9554 02463836.9548 07066313.8636 00001587.0238 -0006518.4102 00002527.2216 01877182.1135 -0020196.3701
> 176344 1
H41 -1021444.9419 02457246.5679 07068837.8165 00001587.0028 -0006521.1095 00002520.6838 01881200.0542 -0020270.7153
> 176345 1
H41 -1019857.9503 02450653.6896 07071355.2305 00001586.9800 -0006523.8027 00002514.1438 01885232.7193 -0020344.5727
> 176346 1
H41 -1018270.9824 02444058.3259 07073866.1032 00001586.9554 -0006526.4898 00002507.6014 01889280.0110 -0020417.9444
> 176347 1
H41 -1016684.0401 02437460.4830 07076370.4325 00001586.9289 -0006529.1707 00002501.0567 01893341.8317 -0020490.8329
> 176348 1
H41 -1015097.1251 02430860.1668 07078868.2158 00001586.9007 -0006531.8456 00002494.5096 01897418.0842 -0020563.2406
> 176349 1
H41 -1013510.2394 02424257.3835 07081359.4510 00001586.8706 -0006534.5143 00002487.9603 01901508.6722 -0020635.1697
> 176350 1
H41 -1011923.3846 02417652.1392 07083844.1357 00001586.8387 -0006537.1769 00002481.4087 01905613.4994 -0020706.6228
> 176351 1
H41 -1010336.5626 02411044.4399 07086322.2676 00001586.8049 -0006539.8333 00002474.8548 01909732.4702 -0020777.6023
> 176352 1
H41 -1008749.7753 02404434.2917 07088793.8444 00001586.7694 -0006542.4836 00002468.2985 01913865.4896 -0020848.1104
> 176353 1
H41 -1007163.0245 02397821.7007 07091258.8639 00001586.7320 -0006545.1278 00002461.7400 01918012.4629 -0020918.1497
> 176354 1
H41 -1005576.3119 02391206.6729 07093717.3237 00001586.6928 -0006547.7659 00002455.1793 01922173.2960 -0020987.7226
> 176355 1
H41 -1003989.6394 02384589.2145 07096169.2217 00001586.6518 -0006550.3978 00002448.6162 01926347.8952 -0021056.8316
> 176356 1
H41 -1002403.0088 02377969.3316 07098614.5554 00001586.6090 -0006553.0235 00002442.0509 01930536.1674 -0021125.4790
> 176357 1
H41 -1000816.4219 02371347.0303 07101053.3227 00001586.5644 -0006555.6432 00002435.4833 01934738.0199 -0021193.6674
> 176358 1
H41 -0999229.8806 02364722.3165 07103485.5214 00001586.5180 -0006558.2566 00002428.9135 01938953.3605 -0021261.3991
> 176359 1
H41 -0997643.3866 02358095.1966 07105911.1490 00001586.4698 -0006560.8639 00002422.3414 01943182.0976 -0021328.6767
> 176360 1
H41 -0996056.9417 02351465.6765 07108330.2035 00001586.4197 -0006563.4651 00002415.7671 01947424.1401 -0021395.5025
> 176361 1
H41 -0994470.5478 02344833.7623 07110742.6826 00001586.3679 -0006566.0601 00002409.1906 01951679.3971 -0021461.8792
> 176362 1
H41 -0992884.2066 02338199.4602 07113148.5839 00001586.3142 -0006568.6489 00002402.6118 01955947.7786 -0021527.8091
> 176363 1
H41 -0991297.9200 02331562.7763 07115547.9054 00001586.2587 -0006571.2316 00002396.0308 01960229.1949 -0021593.2948
> 176364 1
H41 -0989711.6897 02324923.7167 07117940.6448 00001586.2014 -0006573.8081 00002389.4476 01964523.5568 -0021658.3387
> 176365 1
H41 -0988125.5177 02318282.2875 07120326.7999 00001586.1424 -0006576.3785 00002382.8622 01968830.7757 -0021722.9432
> 176366 1
H41 -0986539.4056 02311638.4948 07122706.3685 00001586.0815 -0006578.9427 00002376.2746 01973150.7632 -0021787.1110
> 176367 1
H41 -0984953.3553 02304992.3447 07125079.3483 00001586.0188 -0006581.5007 00002369.6847 01977483.4319 -0021850.8444
> 176368 1
H41 -0983367.3686 02298343.8434 07127445.7372 00001585.9543 -0006584.0525 00002363.0927 01981828.6945 -0021914.1459
> 176369 1
H41 -0981781.4473 02291692.9969 07129805.5330 00001585.8880 -0006586.5981 00002356.4985 01986186.4644 -0021977.0181
> 176370 1
H41 -0980195.5932 02285039.8115 07132158.7335 00001585.8199 -0006589.1376 00002349.9021 01990556.6553 -0022039.4635
> 176371 1
H41 -0978609.8080 02278384.2932 07134505.3365 00001585.7501 -0006591.6709 00002343.3036 01994939.1817 -0022101.4844
> 176372 1
H41 -0977024.0937 02271726.4482 07136845.3399 00001585.6784 -0006594.1980 00002336.7028 01999333.9583 -0022163.0834
> 176373 1
H41 -0975438.4519 02265066.2826 07139178.7415 00001585.6049 -0006596.7189 00002330.1000 02003740.9005 -0022224.2630
> 176374 1
H41 -0973852.8845 02258403.8025 07141505.5391 00001585.5296 -0006599.2336 00002323.4949 02008159.9242 -0022285.0257
> 176375 1
H41 -0972267.3933 02251739.0141 07143825.7306 00001585.4525 -0006601.7421 00002316.8877 02012590.9456 -0022345.3739
> 176376 1
H41 -0970681.9800 02245071.9235 07146139.3138 00001585.3737 -0006604.2444 00002310.2784 02017033.8816 -0022405.3101
> 176377 1
H41 -0969096.6465 02238402.5369 07148446.2867 00001585.2930 -0006606.7405 00002303.6669 02021488.6495 -0022464.8367
> 176378 1
H41 -0967511.3946 02231730.8604 07150746.6470 00001585.2106 -0006609.2305 00002297.0533 02025955.1673 -0022523.9564
> 176379 1
H41 -0965926.2260 02225056.9001 07153040.3926 00001585.1263 -0006611.7142 00002290.4376 02030433.3531 -0022582.6715
> 176380 1
H41 -0964341.1425 02218380.6623 07155327.5214 00001585.0403 -0006614.1917 00002283.8197 02034923.1259 -0022640.9844
> 176381 1
H41 -0962756.1460 02211702.1530 07157608.0314 00001584.9525 -0006616.6630 00002277.1998 02039424.4049 -0022698.8977
> 176382 1
H41 -0961171.2382 02205021.3784 07159881.9203 00001584.8629 -0006619.1281 00002270.5777 02043937.1100 -0022756.4138
> 176383 1
H41 -0959586.4208 02198338.3447 07162149.1861 00001584.7715 -0006621.5869 00002263.9536 02048461.1615 -0022813.5352
> 176384 1
H41 -0958001.6958 02191653.0580 07164409.8267 00001584.6783 -0006624.0396 00002257.3273 02052996.4803 -0022870.2642
> 176385 1
H41 -0956417.0648 02184965.5245 07166663.8400 00001584.5833 -0006626.4860 00002250.6989 02057542.9875 -0022926.6034
> 176386 1
H41 -0954832.5297 02178275.7504 07168911.2239 00001584.4866 -0006628.9262 00002244.0685 02062100.6051 -0022982.5551
> 176387 1
H41 -0953248.0923 02171583.7418 07171151.9763 00001584.3880 -0006631.3602 00002237.4360 02066669.2552 -0023038.1219
> 176388 1
H41 -0951663.7543 02164889.5049 07173386.0952 00001584.2877 -0006633.7879 00002230.8014 02071248.8607 -0023093.3061
> 176389 1
H41 -0950079.5174 02158193.0458 07175613.5785 00001584.1856 -0006636.2095 00002224.1648 02075839.3448 -0023148.1101
> 176390 1
H41 -0948495.3836 02151494.3708 07177834.4241 00001584.0818 -0006638.6247 00002217.5261 02080440.6313 -0023202.5363
> 176391 1
H41 -0946911.3545 02144793.4860 07180048.6300 00001583.9761 -0006641.0338 00002210.8854 02085052.6444 -0023256.5872
> 176392 1
H41 -0945327.4320 02138090.3976 07182256.1942 00001583.8687 -0006643.4366 00002204.2426 02089675.3088 -0023310.2651
> 176393 1
H41 -0943743.6178 02131385.1118 07184457.1145 00001583.7594 -0006645.8332 00002197.5977 02094308.5498 -0023363.5725
> 176394 1
H41 -0942159.9137 02124677.6347 07186651.3889 00001583.6485 -0006648.2235 00002190.9509 02098952.2929 -0023416.5116
> 176395 1
H41 -0940576.3215 02117967.9726 07188839.0155 00001583.5357 -0006650.6076 00002184.3020 02103606.4643 -0023469.0849
> 176396 1
H41 -0938992.8429 02111256.1316 07191019.9922 00001583.4212 -0006652.9854 00002177.6511 02108270.9908 -0023521.2948
> 176397 1
H41 -0937409.4797 02104542.1179 07193194.3170 00001583.3048 -0006655.3570 00002170.9981 02112945.7993 -0023573.1436
> 176398 1
H41 -0935826.2338 02097825.9377 07195361.9878 00001583.1868 -0006657.7224 00002164.3432 02117630.8174 -0023624.6336
> 176399 1
H41 -0934243.1068 02091107.5973 07197523.0027 00001583.0669 -0006660.0814 00002157.6863 02122325.9733 -0023675.7672
> 176400 1
H41 -0932660.1005 02084387.1027 07199677.3597 00001582.9453 -0006662.4343 00002151.0273 02127031.1955 -0023726.5467
> 176401 1
H41 -0931077.2168 02077664.4603 07201825.0567 00001582.8219 -0006664.7808 00002144.3664 02131746.4129 -0023776.9744
> 176402 1
H41 -0929494.4573 02070939.6761 07203966.0919 00001582.6967 -0006667.1211 00002137.7035 02136471.5549 -0023827.0527
> 176403 1
H41 -0927911.8239 02064212.7564 07206100.4631 00001582.5698 -0006669.4551 00002131.0386 02141206.5517 -0023876.7838
> 176404 1
H41 -0926329.3183 02057483.7075 07208228.1684 00001582.4411 -0006671.7829 00002124.3718 02145951.3334 -0023926.1701
> 176405 1
H41 -0924746.9423 02050752.5354 07210349.2060 00001582.3107 -0006674.1044 00002117.7029 02150705.8310 -0023975.2138
> 176406 1
H41 -0923164.6976 02044019.2465 07212463.5737 00001582.1784 -0006676.4196 00002111.0322 02155469.9757 -0024023.9171
> 176407 1
H41 -0921582.5860 02037283.8470 07214571.2696 00001582.0444 -0006678.7286 00002104.3594 02160243.6994 -0024072.2825
> 176408 1
H41 -0920000.6093 02030546.3430 07216672.2919 00001581.9087 -0006681.0312 00002097.6848 02165026.9343 -0024120.3120
> 176409 1
H41 -0918418.7692 02023806.7407 07218766.6385 00001581.7712 -0006683.3276 00002091.0081 02169819.6130 -0024168.0081
> 176410 1
H41 -0916837.0675 02017065.0464 07220854.3075 00001581.6319 -0006685.6177 00002084.3296 02174621.6686 -0024215.3728
> 176411 1
H41 -0915255.5060 02010321.2664 07222935.2971 00001581.4909 -0006687.9015 00002077.6491 02179433.0348 -0024262.4084
> 176412 1
H41 -0913674.0863 02003575.4068 07225009.6051 00001581.3481 -0006690.1791 00002070.9667 02184253.6455 -0024309.1172
> 176413 1
H41 -0912092.8103 01996827.4738 07227077.2298 00001581.2036 -0006692.4503 00002064.2824 02189083.4353 -0024355.5013
> 176414 1
H41 -0910511.6798 01990077.4737 07229138.1693 00001581.0573 -0006694.7153 00002057.5962 02193922.3390 -0024401.5629
> 176415 1
H41 -0908930.6964 01983325.4128 07231192.4215 00001580.9092 -0006696.9739 00002050.9080 02198770.2920 -0024447.3042
> 176416 1
H41 -0907349.8620 01976571.2971 07233239.9847 00001580.7594 -0006699.2263 00002044.2180 02203627.2301 -0024492.7275
> 176417 1
H41 -0905769.1782 01969815.1331 07235280.8569 00001580.6078 -0006701.4723 00002037.5261 02208493.0894 -0024537.8347
> 176418 1
H41 -0904188.6468 01963056.9269 07237315.0362 00001580.4545 -0006703.7121 00002030.8323 02213367.8067 -0024582.6281
> 176419 1
H41 -0902608.2697 01956296.6847 07239342.5208 00001580.2995 -0006705.9455 00002024.1366 02218251.3191 -0024627.1099
> 176420 1
H41 -0901028.0485 01949534.4128 07241363.3088 00001580.1427 -0006708.1727 00002017.4390 02223143.5640 -0024671.2821
> 176421 1
H41 -0899447.9850 01942770.1175 07243377.3983 00001579.9841 -0006710.3935 00002010.7396 02228044.4795 -0024715.1469
> 176422 1
H41 -0897868.0809 01936003.8049 07245384.7874 00001579.8238 -0006712.6081 00002004.0383 02232954.0039 -0024758.7064
> 176423 1
H41 -0896288.3379 01929235.4813 07247385.4743 00001579.6617 -0006714.8163 00001997.3352 02237872.0759 -0024801.9626
> 176424 1
H41 -0894708.7579 01922465.1531 07249379.4572 00001579.4979 -0006717.0182 00001990.6302 02242798.6348 -0024844.9176
> 176425 1
H41 -0893129.3426 01915692.8263 07251366.7342 00001579.3324 -0006719.2138 00001983.9234 02247733.6203 -0024887.5736
> 176426 1
H41 -0891550.0937 01908918.5073 07253347.3034 00001579.1651 -0006721.4030 00001977.2147 02252676.9724 -0024929.9326
> 176427 1
H41 -0889971.0130 01902142.2024 07255321.1630 00001578.9961 -0006723.5860 00001970.5042 02257628.6315 -0024971.9966
> 176428 1
H41 -0888392.1021 01895363.9178 07257288.3113 00001578.8253 -0006725.7626 00001963.7919 02262588.5386 -0025013.7676
> 176429 1
H41 -0886813.3629 01888583.6597 07259248.7463 00001578.6528 -0006727.9329 00001957.0778 02267556.6349 -0025055.2478
> 176430 1
H41 -0885234.7971 01881801.4344 07261202.4663 00001578.4786 -0006730.0968 00001950.3619 02272532.8621 -0025096.4390
> 176431 1
H41 -0883656.4063 01875017.2481 07263149.4694 00001578.3026 -0006732.2545 00001943.6441 02277517.1623 -0025137.3433
> 176432 1
H41 -0882078.1925 01868231.1073 07265089.7540 00001578.1249 -0006734.4058 00001936.9246 02282509.4780 -0025177.9627
> 176433 1
H41 -0880500.1572 01861443.0180 07267023.3180 00001577.9454 -0006736.5507 00001930.2033 02287509.7521 -0025218.2992
> 176434 1
H41 -0878922.3022 01854652.9866 07268950.1599 00001577.7642 -0006738.6893 00001923.4801 02292517.9279 -0025258.3547
> 176435 1
H41 -0877344.6293 01847861.0193 07270870.2777 00001577.5813 -0006740.8216 00001916.7552 02297533.9491 -0025298.1313
> 176436 1
H41 -0875767.1402 01841067.1225 07272783.6698 00001577.3966 -0006742.9475 00001910.0286 02302557.7597 -0025337.6307
> 176437 1
H41 -0874189.8366 01834271.3023 07274690.3343 00001577.2102 -0006745.0671 00001903.3001 02307589.3043 -0025376.8550
> 176438 1
H41 -0872612.7203 01827473.5651 07276590.2695 00001577.0221 -0006747.1804 00001896.5699 02312628.5277 -0025415.8061
> 176439 1
H41 -0871035.7929 01820673.9172 07278483.4736 00001576.8323 -0006749.2873 00001889.8380 02317675.3752 -0025454.4858
> 176440 1
H41 -0869459.0563 01813872.3648 07280369.9449 00001576.6407 -0006751.3878 00001883.1043 02322729.7923 -0025492.8962
> 176441 1
H41 -0867882.5121 01807068.9142 07282249.6816 00001576.4474 -0006753.4820 00001876.3689 02327791.7251 -0025531.0390
> 176442 1
H41 -0866306.1621 01800263.5718 07284122.6820 00001576.2524 -0006755.5698 00001869.6317 02332861.1200 -0025568.9162
> 176443 1
H41 -0864730.0079 01793456.3437 07285988.9444 00001576.0556 -0006757.6513 00001862.8928 02337937.9237 -0025606.5295
> 176444 1
H41 -0863154.0514 01786647.2363 07287848.4670 00001575.8571 -0006759.7264 00001856.1521 02343022.0834 -0025643.8810
> 176445 1
H41 -0861578.2942 01779836.2558 07289701.2481 00001575.6569 -0006761.7952 00001849.4098 02348113.5466 -0025680.9723
> 176446 1
H41 -0860002.7381 01773023.4086 07291547.2860 00001575.4550 -0006763.8576 00001842.6657 02353212.2611 -0025717.8053
> 176447 1
H41 -0858427.3847 01766208.7010 07293386.5790 00001575.2514 -0006765.9136 00001835.9200 02358318.1753 -0025754.3818
> 176448 1
H41 -0856852.2358 01759392.1393 07295219.1254 00001575.0460 -0006767.9632 00001829.1725 02363431.2377 -0025790.7037
> 176449 1
H41 -0855277.2932 01752573.7296 07297044.9234 00001574.8390 -0006770.0065 00001822.4234 02368551.3972 -0025826.7727
> 176450 1
H41 -0853702.5585 01745753.4785 07298863.9715 00001574.6302 -0006772.0434 00001815.6725 02373678.6033 -0025862.5905
> 176451 1
H41 -0852128.0335 01738931.3921 07300676.2679 00001574.4196 -0006774.0739 00001808.9200 02378812.8056 -0025898.1591
> 176452 1
H41 -0850553.7198 01732107.4767 07302481.8110 00001574.2074 -0006776.0981 00001802.1658 02383953.9541 -0025933.4800
> 176453 1
H41 -0848979.6192 01725281.7388 07304280.5990 00001573.9935 -0006778.1159 00001795.4100 02389101.9992 -0025968.5551
> 176454 1
H41 -0847405.7334 01718454.1845 07306072.6303 00001573.7778 -0006780.1272 00001788.6524 02394256.8917 -0026003.3861
> 176455 1
H41 -0845832.0641 01711624.8202 07307857.9033 00001573.5605 -0006782.1322 00001781.8933 02399418.5827 -0026037.9748
> 176456 1
H41 -0844258.6130 01704793.6522 07309636.4163 00001573.3414 -0006784.1309 00001775.1324 02404587.0236 -0026072.3227
> 176457 1
H41 -0842685.3819 01697960.6868 07311408.1676 00001573.1206 -0006786.1231 00001768.3700 02409762.1662 -0026106.4317
> 176458 1
H41 -0841112.3724 01691125.9304 07313173.1557 00001572.8981 -0006788.1089 00001761.6059 02414943.9626 -0026140.3033
> 176459 1
H41 -0839539.5862 01684289.3892 07314931.3789 00001572.6739 -0006790.0884 00001754.8401 02420132.3652 -0026173.9393
> 176460 1
H41 -0837967.0251 01677451.0696 07316682.8355 00001572.4480 -0006792.0614 00001748.0728 02425327.3269 -0026207.3414
> 176461 1
H41 -0836394.6907 01670610.9779 07318427.5239 00001572.2204 -0006794.0281 00001741.3038 02430528.8008 -0026240.5112
> 176462 1
H41 -0834822.5848 01663769.1204 07320165.4426 00001571.9911 -0006795.9883 00001734.5332 02435736.7404 -0026273.4503
> 176463 1
H41 -0833250.7091 01656925.5034 07321896.5899 00001571.7601 -0006797.9422 00001727.7611 02440951.0993 -0026306.1603
> 176464 1
H41 -0831679.0652 01650080.1333 07323620.9642 00001571.5274 -0006799.8896 00001720.9873 02446171.8319 -0026338.6430
> 176465 1
H41 -0830107.6549 01643233.0165 07325338.5639 00001571.2930 -0006801.8307 00001714.2119 02451398.8924 -0026370.8998
> 176466 1
H41 -0828536.4799 01636384.1591 07327049.3874 00001571.0568 -0006803.7653 00001707.4349 02456632.2356 -0026402.9324
> 176467 1
H41 -0826965.5418 01629533.5677 07328753.4332 00001570.8190 -0006805.6935 00001700.6564 02461871.8167 -0026434.7423
> 176468 1
H41 -0825394.8424 01622681.2484 07330450.6997 00001570.5795 -0006807.6153 00001693.8763 02467117.5910 -0026466.3312
> 176469 1
H41 -0823824.3833 01615827.2077 07332141.1853 00001570.3383 -0006809.5307 00001687.0946 02472369.5143 -0026497.7006
> 176470 1
H41 -0822254.1663 01608971.4518 07333824.8884 00001570.0954 -0006811.4397 00001680.3114 02477627.5426 -0026528.8520
> 176471 1
H41 -0820684.1931 01602113.9872 07335501.8075 00001569.8508 -0006813.3423 00001673.5266 02482891.6321 -0026559.7870
> 176472 1
H41 -0819114.4652 01595254.8201 07337171.9410 00001569.6045 -0006815.2384 00001666.7402 02488161.7397 -0026590.5071
> 176473 1
H41 -0817544.9845 01588393.9570 07338835.2875 00001569.3566 -0006817.1282 00001659.9523 02493437.8221 -0026621.0138
> 176474 1
H41 -0815975.7526 01581531.4040 07340491.8452 00001569.1069 -0006819.0115 00001653.1629 02498719.8368 -0026651.3087
> 176475 1
H41 -0814406.7713 01574667.1677 07342141.6128 00001568.8556 -0006820.8883 00001646.3720 02504007.7412 -0026681.3932
> 176476 1
H41 -0812838.0421 01567801.2544 07343784.5887 00001568.6025 -0006822.7588 00001639.5795 02509301.4931 -0026711.2688
> 176477 1
H41 -0811269.5668 01560933.6703 07345420.7713 00001568.3478 -0006824.6228 00001632.7855 02514601.0509 -0026740.9370
> 176478 1
H41 -0809701.3471 01554064.4219 07347050.1592 00001568.0914 -0006826.4804 00001625.9900 02519906.3729 -0026770.3992
> 176479 1
H41 -0808133.3846 01547193.5156 07348672.7508 00001567.8333 -0006828.3315 00001619.1930 02525217.4179 -0026799.6570
> 176480 1
H41 -0806565.6811 01540320.9576 07350288.5447 00001567.5735 -0006830.1763 00001612.3945 02530534.1448 -0026828.7117
> 176481 1
H41 -0804998.2382 01533446.7543 07351897.5394 00001567.3120 -0006832.0145 00001605.5945 02535856.5132 -0026857.5647
> 176482 1
H41 -0803431.0576 01526570.9121 07353499.7333 00001567.0489 -0006833.8464 00001598.7930 02541184.4825 -0026886.2176
> 176483 1
H41 -0801864.1410 01519693.4373 07355095.1249 00001566.7841 -0006835.6718 00001591.9901 02546518.0126 -0026914.6717
> 176484 1
H41 -0800297.4900 01512814.3364 07356683.7129 00001566.5176 -0006837.4907 00001585.1857 02551857.0638 -0026942.9284
> 176485 1
H41 -0798731.1064 01505933.6156 07358265.4957 00001566.2494 -0006839.3032 00001578.3798 02557201.5966 -0026970.9891
> 176486 1
H41 -0797164.9918 01499051.2814 07359840.4719 00001565.9795 -0006841.1093 00001571.5724 02562551.5716 -0026998.8551
> 176487 1
H41 -0795599.1478 01492167.3401 07361408.6401 00001565.7080 -0006842.9089 00001564.7636 02567906.9499 -0027026.5279
> 176488 1
H41 -0794033.5763 01485281.7981 07362969.9986 00001565.4348 -0006844.7021 00001557.9533 02573267.6928 -0027054.0088
> 176489 1
H41 -0792468.2787 01478394.6617 07364524.5462 00001565.1600 -0006846.4888 00001551.1416 02578633.7619 -0027081.2992
> 176490 1
H41 -0790903.2569 01471505.9374 07366072.2814 00001564.8834 -0006848.2690 00001544.3285 02584005.1189 -0027108.4004
> 176491 1
H41 -0789338.5125 01464615.6315 07367613.2028 00001564.6052 -0006850.0428 00001537.5139 02589381.7261 -0027135.3137
> 176492 1
H41 -0787774.0471 01457723.7504 07369147.3088 00001564.3253 -0006851.8102 00001530.6980 02594763.5457 -0027162.0404
> 176493 1
H41 -0786209.8624 01450830.3004 07370674.5982 00001564.0438 -0006853.5710 00001523.8806 02600150.5405 -0027188.5819
> 176494 1
H41 -0784645.9601 01443935.2880 07372195.0694 00001563.7605 -0006855.3254 00001517.0617 02605542.6734 -0027214.9394
> 176495 1
H41 -0783082.3419 01437038.7196 07373708.7212 00001563.4757 -0006857.0734 00001510.2415 02610939.9074 -0027241.1143
> 176496 1
H41 -0781519.0093 01430140.6014 07375215.5520 00001563.1891 -0006858.8149 00001503.4199 02616342.2061 -0027267.1078
> 176497 1
H41 -0779955.9642 01423240.9399 07376715.5606 00001562.9009 -0006860.5499 00001496.5969 02621749.5330 -0027292.9212
> 176498 1
H41 -0778393.2080 01416339.7416 07378208.7454 00001562.6110 -0006862.2784 00001489.7725 02627161.8522 -0027318.5557
> 176499 1
H41 -0776830.7426 01409437.0127 07379695.1052 00001562.3195 -0006864.0005 00001482.9468 02632579.1279 -0027344.0126
> 176500 1
H41 -0775268.5696 01402532.7596 07381174.6385 00001562.0263 -0006865.7161 00001476.1196 02638001.3244 -0027369.2932
> 176501 1
H41 -0773706.6905 01395626.9889 07382647.3440 00001561.7315 -0006867.4252 00001469.2911 02643428.4064 -0027394.3987
> 176502 1
H41 -0772145.1071 01388719.7068 07384113.2203 00001561.4350 -0006869.1279 00001462.4613 02648860.3390 -0027419.3302
> 176503 1
H41 -0770583.8211 01381810.9197 07385572.2661 00001561.1368 -0006870.8240 00001455.6301 02654297.0872 -0027444.0891
> 176504 1
H41 -0769022.8340 01374900.6341 07387024.4800 00001560.8370 -0006872.5137 00001448.7975 02659738.6166 -0027468.6765
> 176505 1
H41 -0767462.1476 01367988.8564 07388469.8606 00001560.5355 -0006874.1969 00001441.9636 02665184.8927 -0027493.0936
> 176506 1
H41 -0765901.7635 01361075.5928 07389908.4067 00001560.2324 -0006875.8736 00001435.1284 02670635.8815 -0027517.3416
> 176507 1
H41 -0764341.6833 01354160.8500 07391340.1169 00001559.9277 -0006877.5438 00001428.2918 02676091.5491 -0027541.4217
> 176508 1
H41 -0762781.9087 01347244.6342 07392764.9899 00001559.6212 -0006879.2076 00001421.4539 02681551.8619 -0027565.3350
> 176509 1
H41 -0761222.4414 01340326.9518 07394183.0244 00001559.3132 -0006880.8648 00001414.6147 02687016.7865 -0027589.0827
> 176510 1
H41 -0759663.2830 01333407.8094 07395594.2189 00001559.0035 -0006882.5156 00001407.7742 02692486.2897 -0027612.6660
> 176511 1
H41 -0758104.4350 01326487.2132 07396998.5724 00001558.6921 -0006884.1598 00001400.9324 02697960.3388 -0027636.0859
> 176512 1
H41 -0756545.8993 01319565.1697 07398396.0833 00001558.3791 -0006885.7976 00001394.0893 02703438.9008 -0027659.3437
> 176513 1
H41 -0754987.6774 01312641.6853 07399786.7506 00001558.0644 -0006887.4289 00001387.2449 02708921.9435 -0027682.4404
> 176514 1
H41 -0753429.7710 01305716.7664 07401170.5728 00001557.7482 -0006889.0536 00001380.3992 02714409.4344 -0027705.3772
> 176515 1
H41 -0751872.1816 01298790.4194 07402547.5486 00001557.4302 -0006890.6719 00001373.5523 02719901.3418 -0027728.1552
> 176516 1
H41 -0750314.9111 01291862.6508 07403917.6769 00001557.1107 -0006892.2837 00001366.7041 02725397.6336 -0027750.7754
> 176517 1
H41 -0748757.9609 01284933.4669 07405280.9563 00001556.7894 -0006893.8889 00001359.8546 02730898.2784 -0027773.2390
> 176518 1
H41 -0747201.3327 01278002.8743 07406637.3856 00001556.4666 -0006895.4877 00001353.0038 02736403.2448 -0027795.5470
> 176519 1
H41 -0745645.0282 01271070.8792 07407986.9636 00001556.1421 -0006897.0799 00001346.1518 02741912.5017 -0027817.7006
> 176520 1
H41 -0744089.0490 01264137.4882 07409329.6889 00001555.8160 -0006898.6657 00001339.2986 02747426.0181 -0027839.7007
> 176521 1
H41 -0742533.3968 01257202.7076 07410665.5604 00001555.4882 -0006900.2449 00001332.4441 02752943.7633 -0027861.5484
> 176522 1
H41 -0740978.0731 01250266.5439 07411994.5767 00001555.1589 -0006901.8176 00001325.5884 02758465.7069 -0027883.2449
> 176523 1
H41 -0739423.0796 01243329.0035 07413316.7367 00001554.8279 -0006903.3838 00001318.7315 02763991.8185 -0027904.7910
> 176524 1
H41 -0737868.4179 01236390.0928 07414632.0392 00001554.4952 -0006904.9435 00001311.8733 02769522.0681 -0027926.1879
> 176525 1
H41 -0736314.0897 01229449.8183 07415940.4829 00001554.1609 -0006906.4966 00001305.0139 02775056.4257 -0027947.4365
> 176526 1
H41 -0734760.0966 01222508.1864 07417242.0667 00001553.8250 -0006908.0433 00001298.1533 02780594.8618 -0027968.5380
> 176527 1
H41 -0733206.4402 01215565.2035 07418536.7892 00001553.4875 -0006909.5834 00001291.2916 02786137.3469 -0027989.4932
> 176528 1
H41 -0731653.1221 01208620.8761 07419824.6494 00001553.1484 -0006911.1170 00001284.4286 02791683.8517 -0028010.3032
> 176529 1
H41 -0730100.1440 01201675.2105 07421105.6460 00001552.8076 -0006912.6441 00001277.5644 02797234.3471 -0028030.9690
> 176530 1
H41 -0728547.5075 01194728.2134 07422379.7778 00001552.4652 -0006914.1646 00001270.6991 02802788.8043 -0028051.4916
> 176531 1
H41 -0726995.2141 01187779.8909 07423647.0437 00001552.1212 -0006915.6786 00001263.8326 02808347.1946 -0028071.8720
> 176532 1
H41 -0725443.2657 01180830.2498 07424907.4425 00001551.7755 -0006917.1861 00001256.9649 02813909.4896 -0028092.1110
> 176533 1
H41 -0723891.6636 01173879.2962 07426160.9731 00001551.4283 -0006918.6871 00001250.0960 02819475.6610 -0028112.2098
> 176534 1
H41 -0722340.4096 01166927.0368 07427407.6342 00001551.0794 -0006920.1815 00001243.2260 02825045.6806 -0028132.1691
> 176535 1
H41 -0720789.5054 01159973.4779 07428647.4247 00001550.7289 -0006921.6694 00001236.3548 02830619.5207 -0028151.9900
> 176536 1
H41 -0719238.9524 01153018.6260 07429880.3435 00001550.3768 -0006923.1507 00001229.4825 02836197.1535 -0028171.6735
> 176537 1
H41 -0717688.7523 01146062.4876 07431106.3894 00001550.0231 -0006924.6256 00001222.6091 02841778.5515 -0028191.2204
