##接收机参考位置（LLH）123.247 30 1000
##接收机参考位置（ECEF）-3031338.4098 4624087.4653 3170873.7353
##initialTime     175332
##endTime         175948
##obsTimeLength   617
##数据格式：satx saty satz satvx satvy satvz rangeObs dopplerObs
##rangeObs = range + receiverClcError
##dopplerObs = doppler + receiverClcDriftError
##信号类型为:3-2, 频率为:1520000000赫兹
##观测卫星个数：1
##end of head
> 175332 1
H41 -2304341.0383 06961651.1208 01809780.2606 00000619.8836 -0001366.4835 00007038.9270 02800954.6274 00022308.8455
> 175333 1
H41 -2303720.2138 06960023.1898 01816818.3495 00000621.7652 -0001373.0974 00007037.2496 02796342.6456 00022272.4958
> 175334 1
H41 -2303097.5084 06958388.7668 01823854.7577 00000623.6453 -0001379.7104 00007035.5658 02791737.7488 00022235.9540
> 175335 1
H41 -2302472.9236 06956747.8532 01830889.4789 00000625.5239 -0001386.3223 00007033.8754 02787139.9759 00022199.2192
> 175336 1
H41 -2301846.4610 06955100.4501 01837922.5064 00000627.4010 -0001392.9331 00007032.1785 02782549.3658 00022162.2903
> 175337 1
H41 -2301218.1222 06953446.5588 01844953.8337 00000629.2765 -0001399.5430 00007030.4751 02777965.9577 00022125.1665
> 175338 1
H41 -2300587.9085 06951786.1806 01851983.4544 00000631.1505 -0001406.1518 00007028.7652 02773389.7911 00022087.8469
> 175339 1
H41 -2299955.8216 06950119.3166 01859011.3620 00000633.0230 -0001412.7595 00007027.0488 02768820.9056 00022050.3305
> 175340 1
H41 -2299321.8629 06948445.9682 01866037.5500 00000634.8940 -0001419.3662 00007025.3259 02764259.3409 00022012.6164
> 175341 1
H41 -2298686.0341 06946766.1367 01873062.0118 00000636.7634 -0001425.9719 00007023.5966 02759705.1370 00021974.7037
> 175342 1
H41 -2298048.3366 06945079.8232 01880084.7409 00000638.6313 -0001432.5764 00007021.8607 02755158.3340 00021936.5914
> 175343 1
H41 -2297408.7719 06943387.0291 01887105.7309 00000640.4977 -0001439.1799 00007020.1183 02750618.9724 00021898.2785
> 175344 1
H41 -2296767.3416 06941687.7557 01894124.9753 00000642.3626 -0001445.7824 00007018.3694 02746087.0926 00021859.7642
> 175345 1
H41 -2296124.0473 06939982.0042 01901142.4676 00000644.2259 -0001452.3837 00007016.6140 02741562.7354 00021821.0475
> 175346 1
H41 -2295478.8904 06938269.7759 01908158.2012 00000646.0876 -0001458.9840 00007014.8522 02737045.9417 00021782.1274
> 175347 1
H41 -2294831.8726 06936551.0722 01915172.1697 00000647.9478 -0001465.5831 00007013.0838 02732536.7527 00021743.0030
> 175348 1
H41 -2294182.9953 06934825.8944 01922184.3667 00000649.8065 -0001472.1811 00007011.3090 02728035.2097 00021703.6733
> 175349 1
H41 -2293532.2600 06933094.2437 01929194.7855 00000651.6637 -0001478.7781 00007009.5277 02723541.3542 00021664.1375
> 175350 1
H41 -2292879.6684 06931356.1216 01936203.4198 00000653.5193 -0001485.3739 00007007.7398 02719055.2278 00021624.3944
> 175351 1
H41 -2292225.2220 06929611.5292 01943210.2631 00000655.3733 -0001491.9686 00007005.9456 02714576.8726 00021584.4433
> 175352 1
H41 -2291568.9222 06927860.4681 01950215.3088 00000657.2259 -0001498.5622 00007004.1448 02710106.3306 00021544.2830
> 175353 1
H41 -2290910.7708 06926102.9394 01957218.5505 00000659.0768 -0001505.1546 00007002.3375 02705643.6441 00021503.9127
> 175354 1
H41 -2290250.7691 06924338.9445 01964219.9817 00000660.9262 -0001511.7459 00007000.5238 02701188.8556 00021463.3314
> 175355 1
H41 -2289588.9188 06922568.4849 01971219.5959 00000662.7741 -0001518.3360 00006998.7036 02696742.0078 00021422.5382
> 175356 1
H41 -2288925.2215 06920791.5618 01978217.3867 00000664.6204 -0001524.9250 00006996.8769 02692303.1436 00021381.5319
> 175357 1
H41 -2288259.6786 06919008.1767 01985213.3476 00000666.4652 -0001531.5128 00006995.0438 02687872.3061 00021340.3118
> 175358 1
H41 -2287592.2917 06917218.3308 01992207.4722 00000668.3084 -0001538.0995 00006993.2042 02683449.5385 00021298.8768
> 175359 1
H41 -2286923.0623 06915422.0256 01999199.7538 00000670.1500 -0001544.6850 00006991.3581 02679034.8844 00021257.2260
> 175360 1
H41 -2286251.9922 06913619.2625 02006190.1861 00000671.9901 -0001551.2693 00006989.5055 02674628.3875 00021215.3583
> 175361 1
H41 -2285579.0827 06911810.0428 02013178.7627 00000673.8286 -0001557.8524 00006987.6465 02670230.0916 00021173.2729
> 175362 1
H41 -2284904.3354 06909994.3679 02020165.4770 00000675.6656 -0001564.4343 00006985.7810 02665840.0408 00021130.9686
> 175363 1
H41 -2284227.7520 06908172.2393 02027150.3225 00000677.5010 -0001571.0150 00006983.9091 02661458.2795 00021088.4447
> 175364 1
H41 -2283549.3340 06906343.6583 02034133.2929 00000679.3348 -0001577.5945 00006982.0307 02657084.8520 00021045.7000
> 175365 1
H41 -2282869.0829 06904508.6264 02041114.3817 00000681.1671 -0001584.1728 00006980.1458 02652719.8031 00021002.7336
> 175366 1
H41 -2282187.0003 06902667.1450 02048093.5824 00000682.9978 -0001590.7499 00006978.2545 02648363.1776 00020959.5446
> 175367 1
H41 -2281503.0877 06900819.2155 02055070.8885 00000684.8270 -0001597.3257 00006976.3567 02644015.0207 00020916.1319
> 175368 1
H41 -2280817.3469 06898964.8393 02062046.2936 00000686.6545 -0001603.9003 00006974.4525 02639675.3777 00020872.4946
> 175369 1
H41 -2280129.7792 06897104.0179 02069019.7912 00000688.4805 -0001610.4737 00006972.5418 02635344.2940 00020828.6316
> 175370 1
H41 -2279440.3864 06895236.7528 02075991.3750 00000690.3049 -0001617.0459 00006970.6246 02631021.8153 00020784.5421
> 175371 1
H41 -2278749.1699 06893363.0453 02082961.0384 00000692.1278 -0001623.6167 00006968.7011 02626707.9876 00020740.2250
> 175372 1
H41 -2278056.1313 06891482.8970 02089928.7750 00000693.9491 -0001630.1864 00006966.7710 02622402.8569 00020695.6793
> 175373 1
H41 -2277361.2722 06889596.3092 02096894.5783 00000695.7688 -0001636.7547 00006964.8346 02618106.4695 00020650.9041
> 175374 1
H41 -2276664.5943 06887703.2836 02103858.4419 00000697.5869 -0001643.3218 00006962.8916 02613818.8719 00020605.8983
> 175375 1
H41 -2275966.0990 06885803.8214 02110820.3594 00000699.4034 -0001649.8876 00006960.9423 02609540.1108 00020560.6610
> 175376 1
H41 -2275265.7880 06883897.9243 02117780.3243 00000701.2184 -0001656.4522 00006958.9865 02605270.2332 00020515.1913
> 175377 1
H41 -2274563.6628 06881985.5938 02124738.3303 00000703.0317 -0001663.0154 00006957.0243 02601009.2861 00020469.4881
> 175378 1
H41 -2273859.7250 06880066.8312 02131694.3707 00000704.8435 -0001669.5774 00006955.0556 02596757.3169 00020423.5504
> 175379 1
H41 -2273153.9762 06878141.6381 02138648.4393 00000706.6537 -0001676.1380 00006953.0805 02592514.3730 00020377.3772
> 175380 1
H41 -2272446.4181 06876210.0161 02145600.5296 00000708.4624 -0001682.6973 00006951.0990 02588280.5022 00020330.9677
> 175381 1
H41 -2271737.0521 06874271.9666 02152550.6351 00000710.2694 -0001689.2554 00006949.1110 02584055.7524 00020284.3207
> 175382 1
H41 -2271025.8798 06872327.4911 02159498.7494 00000712.0748 -0001695.8121 00006947.1166 02579840.1718 00020237.4353
> 175383 1
H41 -2270312.9030 06870376.5912 02166444.8662 00000713.8787 -0001702.3674 00006945.1158 02575633.8086 00020190.3106
> 175384 1
H41 -2269598.1231 06868419.2684 02173388.9789 00000715.6809 -0001708.9215 00006943.1085 02571436.7113 00020142.9455
> 175385 1
H41 -2268881.5417 06866455.5243 02180331.0811 00000717.4816 -0001715.4742 00006941.0949 02567248.9288 00020095.3391
> 175386 1
H41 -2268163.1605 06864485.3604 02187271.1665 00000719.2806 -0001722.0255 00006939.0748 02563070.5099 00020047.4903
> 175387 1
H41 -2267442.9810 06862508.7781 02194209.2286 00000721.0781 -0001728.5755 00006937.0483 02558901.5037 00019999.3983
> 175388 1
H41 -2266721.0048 06860525.7792 02201145.2609 00000722.8739 -0001735.1242 00006935.0154 02554741.9597 00019951.0620
> 175389 1
H41 -2265997.2336 06858536.3651 02208079.2572 00000724.6682 -0001741.6714 00006932.9760 02550591.9272 00019902.4805
> 175390 1
H41 -2265271.6690 06856540.5375 02215011.2109 00000726.4609 -0001748.2173 00006930.9303 02546451.4562 00019853.6527
> 175391 1
H41 -2264544.3124 06854538.2978 02221941.1156 00000728.2519 -0001754.7618 00006928.8781 02542320.5965 00019804.5777
> 175392 1
H41 -2263815.1657 06852529.6478 02228868.9650 00000730.0414 -0001761.3050 00006926.8196 02538199.3982 00019755.2546
> 175393 1
H41 -2263084.2302 06850514.5888 02235794.7526 00000731.8292 -0001767.8467 00006924.7546 02534087.9117 00019705.6823
> 175394 1
H41 -2262351.5078 06848493.1227 02242718.4720 00000733.6155 -0001774.3871 00006922.6832 02529986.1876 00019655.8600
> 175395 1
H41 -2261616.9999 06846465.2509 02249640.1169 00000735.4001 -0001780.9260 00006920.6054 02525894.2765 00019605.7865
> 175396 1
H41 -2260880.7081 06844430.9750 02256559.6807 00000737.1831 -0001787.4635 00006918.5212 02521812.2294 00019555.4610
> 175397 1
H41 -2260142.6342 06842390.2967 02263477.1572 00000738.9645 -0001793.9996 00006916.4306 02517740.0975 00019504.8826
> 175398 1
H41 -2259402.7797 06840343.2176 02270392.5399 00000740.7443 -0001800.5343 00006914.3336 02513677.9321 00019454.0501
> 175399 1
H41 -2258661.1461 06838289.7393 02277305.8224 00000742.5225 -0001807.0676 00006912.2303 02509625.7848 00019402.9628
> 175400 1
H41 -2257917.7352 06836229.8635 02284216.9983 00000744.2990 -0001813.5994 00006910.1205 02505583.7072 00019351.6196
> 175401 1
H41 -2257172.5486 06834163.5917 02291126.0612 00000746.0740 -0001820.1298 00006908.0043 02501551.7513 00019300.0195
> 175402 1
H41 -2256425.5878 06832090.9257 02298033.0048 00000747.8473 -0001826.6587 00006905.8818 02497529.9693 00019248.1617
> 175403 1
H41 -2255676.8545 06830011.8670 02304937.8226 00000749.6190 -0001833.1862 00006903.7528 02493518.4134 00019196.0452
> 175404 1
H41 -2254926.3503 06827926.4173 02311840.5083 00000751.3891 -0001839.7122 00006901.6175 02489517.1363 00019143.6690
> 175405 1
H41 -2254174.0768 06825834.5783 02318741.0554 00000753.1576 -0001846.2368 00006899.4758 02485526.1905 00019091.0322
> 175406 1
H41 -2253420.0357 06823736.3516 02325639.4577 00000754.9244 -0001852.7599 00006897.3277 02481545.6291 00019038.1339
> 175407 1
H41 -2252664.2285 06821631.7390 02332535.7086 00000756.6896 -0001859.2814 00006895.1732 02477575.5051 00018984.9731
> 175408 1
H41 -2251906.6570 06819520.7420 02339429.8019 00000758.4532 -0001865.8016 00006893.0123 02473615.8719 00018931.5489
> 175409 1
H41 -2251147.3226 06817403.3625 02346321.7312 00000760.2152 -0001872.3202 00006890.8451 02469666.7829 00018877.8604
> 175410 1
H41 -2250386.2272 06815279.6019 02353211.4900 00000761.9755 -0001878.8373 00006888.6715 02465728.2919 00018823.9067
> 175411 1
H41 -2249623.3722 06813149.4622 02360099.0720 00000763.7342 -0001885.3529 00006886.4915 02461800.4526 00018769.6867
> 175412 1
H41 -2248858.7593 06811012.9449 02366984.4709 00000765.4913 -0001891.8670 00006884.3052 02457883.3192 00018715.1997
> 175413 1
H41 -2248092.3902 06808870.0518 02373867.6802 00000767.2467 -0001898.3796 00006882.1124 02453976.9460 00018660.4448
> 175414 1
H41 -2247324.2665 06806720.7846 02380748.6937 00000769.0005 -0001904.8906 00006879.9134 02450081.3874 00018605.4209
> 175415 1
H41 -2246554.3898 06804565.1450 02387627.5048 00000770.7526 -0001911.4001 00006877.7079 02446196.6979 00018550.1272
> 175416 1
H41 -2245782.7617 06802403.1348 02394504.1073 00000772.5032 -0001917.9081 00006875.4961 02442322.9326 00018494.5629
> 175417 1
H41 -2245009.3840 06800234.7556 02401378.4949 00000774.2520 -0001924.4146 00006873.2779 02438460.1462 00018438.7270
> 175418 1
H41 -2244234.2582 06798060.0092 02408250.6611 00000775.9993 -0001930.9195 00006871.0534 02434608.3942 00018382.6187
> 175419 1
H41 -2243457.3860 06795878.8974 02415120.5995 00000777.7449 -0001937.4228 00006868.8225 02430767.7317 00018326.2370
> 175420 1
H41 -2242678.7690 06793691.4219 02421988.3040 00000779.4888 -0001943.9246 00006866.5853 02426938.2145 00018269.5811
> 175421 1
H41 -2241898.4088 06791497.5844 02428853.7680 00000781.2311 -0001950.4248 00006864.3417 02423119.8982 00018212.6502
> 175422 1
H41 -2241116.3072 06789297.3868 02435716.9852 00000782.9718 -0001956.9234 00006862.0917 02419312.8388 00018155.4433
> 175423 1
H41 -2240332.4658 06787090.8308 02442577.9493 00000784.7108 -0001963.4204 00006859.8354 02415517.0924 00018097.9596
> 175424 1
H41 -2239546.8861 06784877.9181 02449436.6540 00000786.4482 -0001969.9159 00006857.5728 02411732.7152 00018040.1984
> 175425 1
H41 -2238759.5699 06782658.6506 02456293.0928 00000788.1839 -0001976.4097 00006855.3038 02407959.7637 00017982.1586
> 175426 1
H41 -2237970.5189 06780433.0301 02463147.2595 00000789.9180 -0001982.9020 00006853.0285 02404198.2946 00017923.8396
> 175427 1
H41 -2237179.7345 06778201.0583 02469999.1477 00000791.6504 -0001989.3927 00006850.7469 02400448.3646 00017865.2404
> 175428 1
H41 -2236387.2186 06775962.7370 02476848.7511 00000793.3812 -0001995.8817 00006848.4589 02396710.0308 00017806.3602
> 175429 1
H41 -2235592.9728 06773718.0681 02483696.0634 00000795.1103 -0002002.3691 00006846.1645 02392983.3503 00017747.1983
> 175430 1
H41 -2234796.9987 06771467.0533 02490541.0781 00000796.8377 -0002008.8549 00006843.8639 02389268.3804 00017687.7538
> 175431 1
H41 -2233999.2979 06769209.6945 02497383.7890 00000798.5635 -0002015.3391 00006841.5569 02385565.1786 00017628.0260
> 175432 1
H41 -2233199.8722 06766945.9935 02504224.1897 00000800.2876 -0002021.8216 00006839.2436 02381873.8027 00017568.0140
> 175433 1
H41 -2232398.7232 06764675.9521 02511062.2740 00000802.0101 -0002028.3025 00006836.9239 02378194.3103 00017507.7171
> 175434 1
H41 -2231595.8526 06762399.5722 02517898.0354 00000803.7309 -0002034.7817 00006834.5979 02374526.7596 00017447.1344
> 175435 1
H41 -2230791.2620 06760116.8556 02524731.4677 00000805.4500 -0002041.2593 00006832.2656 02370871.2086 00017386.2653
> 175436 1
H41 -2229984.9531 06757827.8042 02531562.5646 00000807.1675 -0002047.7352 00006829.9270 02367227.7157 00017325.1090
> 175437 1
H41 -2229176.9275 06755532.4198 02538391.3197 00000808.8833 -0002054.2094 00006827.5821 02363596.3394 00017263.6647
> 175438 1
H41 -2228367.1870 06753230.7042 02545217.7267 00000810.5975 -0002060.6820 00006825.2308 02359977.1383 00017201.9316
> 175439 1
H41 -2227555.7331 06750922.6594 02552041.7792 00000812.3100 -0002067.1528 00006822.8733 02356370.1711 00017139.9091
> 175440 1
H41 -2226742.5676 06748608.2872 02558863.4711 00000814.0208 -0002073.6220 00006820.5094 02352775.4969 00017077.5965
> 175441 1
H41 -2225927.6922 06746287.5895 02565682.7959 00000815.7299 -0002080.0895 00006818.1392 02349193.1747 00017014.9930
> 175442 1
H41 -2225111.1084 06743960.5682 02572499.7474 00000817.4374 -0002086.5553 00006815.7627 02345623.2637 00016952.0979
> 175443 1
H41 -2224292.8180 06741627.2252 02579314.3193 00000819.1431 -0002093.0194 00006813.3799 02342065.8234 00016888.9106
> 175444 1
H41 -2223472.8226 06739287.5623 02586126.5052 00000820.8473 -0002099.4818 00006810.9908 02338520.9133 00016825.4303
> 175445 1
H41 -2222651.1240 06736941.5814 02592936.2989 00000822.5497 -0002105.9424 00006808.5954 02334988.5931 00016761.6564
> 175446 1
H41 -2221827.7238 06734589.2846 02599743.6940 00000824.2505 -0002112.4013 00006806.1937 02331468.9225 00016697.5883
> 175447 1
H41 -2221002.6237 06732230.6736 02606548.6842 00000825.9495 -0002118.8585 00006803.7857 02327961.9616 00016633.2253
> 175448 1
H41 -2220175.8253 06729865.7505 02613351.2634 00000827.6469 -0002125.3139 00006801.3715 02324467.7705 00016568.5667
> 175449 1
H41 -2219347.3303 06727494.5171 02620151.4250 00000829.3427 -0002131.7676 00006798.9509 02320986.4094 00016503.6120
> 175450 1
H41 -2218517.1405 06725116.9754 02626949.1630 00000831.0367 -0002138.2196 00006796.5240 02317517.9386 00016438.3605
> 175451 1
H41 -2217685.2575 06722733.1273 02633744.4710 00000832.7291 -0002144.6698 00006794.0909 02314062.4187 00016372.8117
> 175452 1
H41 -2216851.6830 06720342.9748 02640537.3426 00000834.4197 -0002151.1182 00006791.6514 02310619.9102 00016306.9649
> 175453 1
H41 -2216016.4186 06717946.5198 02647327.7717 00000836.1087 -0002157.5649 00006789.2057 02307190.4740 00016240.8195
> 175454 1
H41 -2215179.4661 06715543.7642 02654115.7520 00000837.7960 -0002164.0097 00006786.7537 02303774.1710 00016174.3751
> 175455 1
H41 -2214340.8272 06713134.7101 02660901.2770 00000839.4816 -0002170.4528 00006784.2954 02300371.0620 00016107.6311
> 175456 1
H41 -2213500.5035 06710719.3594 02667684.3407 00000841.1655 -0002176.8941 00006781.8309 02296981.2082 00016040.5869
> 175457 1
H41 -2212658.4967 06708297.7140 02674464.9367 00000842.8477 -0002183.3336 00006779.3600 02293604.6709 00015973.2420
> 175458 1
H41 -2211814.8086 06705869.7761 02681243.0587 00000844.5283 -0002189.7713 00006776.8829 02290241.5114 00015905.5960
> 175459 1
H41 -2210969.4407 06703435.5475 02688018.7005 00000846.2071 -0002196.2072 00006774.3996 02286891.7911 00015837.6482
> 175460 1
H41 -2210122.3949 06700995.0302 02694791.8557 00000847.8842 -0002202.6413 00006771.9099 02283555.5716 00015769.3983
> 175461 1
H41 -2209273.6728 06698548.2262 02701562.5182 00000849.5597 -0002209.0736 00006769.4140 02280232.9146 00015700.8458
> 175462 1
H41 -2208423.2761 06696095.1377 02708330.6817 00000851.2334 -0002215.5040 00006766.9119 02276923.8818 00015631.9902
> 175463 1
H41 -2207571.2065 06693635.7664 02715096.3399 00000852.9055 -0002221.9326 00006764.4035 02273628.5351 00015562.8311
> 175464 1
H41 -2206717.4658 06691170.1146 02721859.4865 00000854.5758 -0002228.3593 00006761.8888 02270346.9364 00015493.3680
> 175465 1
H41 -2205862.0555 06688698.1842 02728620.1154 00000856.2445 -0002234.7843 00006759.3678 02267079.1478 00015423.6007
> 175466 1
H41 -2205004.9774 06686219.9772 02735378.2201 00000857.9114 -0002241.2073 00006756.8407 02263825.2314 00015353.5286
> 175467 1
H41 -2204146.2332 06683735.4956 02742133.7946 00000859.5766 -0002247.6285 00006754.3072 02260585.2495 00015283.1515
> 175468 1
H41 -2203285.8247 06681244.7416 02748886.8325 00000861.2402 -0002254.0478 00006751.7675 02257359.2643 00015212.4689
> 175469 1
H41 -2202423.7535 06678747.7172 02755637.3276 00000862.9020 -0002260.4653 00006749.2216 02254147.3383 00015141.4806
> 175470 1
H41 -2201560.0213 06676244.4243 02762385.2736 00000864.5621 -0002266.8809 00006746.6694 02250949.5338 00015070.1861
> 175471 1
H41 -2200694.6298 06673734.8652 02769130.6644 00000866.2205 -0002273.2946 00006744.1110 02247765.9135 00014998.5853
> 175472 1
H41 -2199827.5808 06671219.0418 02775873.4936 00000867.8772 -0002279.7064 00006741.5464 02244596.5400 00014926.6778
> 175473 1
H41 -2198958.8759 06668696.9561 02782613.7551 00000869.5322 -0002286.1163 00006738.9755 02241441.4758 00014854.4633
> 175474 1
H41 -2198088.5170 06666168.6104 02789351.4425 00000871.1855 -0002292.5243 00006736.3984 02238300.7838 00014781.9416
> 175475 1
H41 -2197216.5056 06663634.0067 02796086.5497 00000872.8370 -0002298.9304 00006733.8150 02235174.5267 00014709.1125
> 175476 1
H41 -2196342.8434 06661093.1470 02802819.0704 00000874.4869 -0002305.3346 00006731.2254 02232062.7673 00014635.9757
> 175477 1
H41 -2195467.5324 06658546.0335 02809548.9985 00000876.1350 -0002311.7369 00006728.6296 02228965.5687 00014562.5311
> 175478 1
H41 -2194590.5740 06655992.6683 02816276.3276 00000877.7814 -0002318.1372 00006726.0276 02225882.9936 00014488.7785
> 175479 1
H41 -2193711.9701 06653433.0534 02823001.0516 00000879.4261 -0002324.5356 00006723.4193 02222815.1052 00014414.7177
> 175480 1
H41 -2192831.7224 06650867.1910 02829723.1642 00000881.0691 -0002330.9321 00006720.8049 02219761.9664 00014340.3486
> 175481 1
H41 -2191949.8325 06648295.0832 02836442.6592 00000882.7103 -0002337.3266 00006718.1842 02216723.6402 00014265.6711
> 175482 1
H41 -2191066.3023 06645716.7322 02843159.5304 00000884.3499 -0002343.7192 00006715.5573 02213700.1899 00014190.6850
> 175483 1
H41 -2190181.1334 06643132.1400 02849873.7717 00000885.9877 -0002350.1098 00006712.9241 02210691.6785 00014115.3903
> 175484 1
H41 -2189294.3275 06640541.3088 02856585.3767 00000887.6237 -0002356.4984 00006710.2848 02207698.1691 00014039.7869
> 175485 1
H41 -2188405.8864 06637944.2408 02863294.3392 00000889.2581 -0002362.8851 00006707.6393 02204719.7250 00013963.8749
> 175486 1
H41 -2187515.8119 06635340.9381 02870000.6531 00000890.8907 -0002369.2698 00006704.9875 02201756.4092 00013887.6541
> 175487 1
H41 -2186624.1056 06632731.4028 02876704.3122 00000892.5216 -0002375.6525 00006702.3296 02198808.2851 00013811.1246
> 175488 1
H41 -2185730.7692 06630115.6372 02883405.3103 00000894.1508 -0002382.0332 00006699.6655 02195875.4158 00013734.2865
> 175489 1
H41 -2184835.8045 06627493.6433 02890103.6411 00000895.7782 -0002388.4119 00006696.9951 02192957.8645 00013657.1397
> 175490 1
H41 -2183939.2133 06624865.4234 02896799.2984 00000897.4039 -0002394.7886 00006694.3186 02190055.6944 00013579.6843
> 175491 1
H41 -2183040.9973 06622230.9796 02903492.2762 00000899.0279 -0002401.1633 00006691.6359 02187168.9688 00013501.9205
> 175492 1
H41 -2182141.1581 06619590.3142 02910182.5681 00000900.6502 -0002407.5360 00006688.9469 02184297.7507 00013423.8483
> 175493 1
H41 -2181239.6975 06616943.4292 02916870.1680 00000902.2707 -0002413.9067 00006686.2518 02181442.1035 00013345.4680
> 175494 1
H41 -2180336.6173 06614290.3270 02923555.0697 00000903.8894 -0002420.2753 00006683.5505 02178602.0901 00013266.7795
> 175495 1
H41 -2179431.9193 06611631.0097 02930237.2670 00000905.5064 -0002426.6419 00006680.8431 02175777.7738 00013187.7832
> 175496 1
H41 -2178525.6050 06608965.4796 02936916.7538 00000907.1217 -0002433.0065 00006678.1294 02172969.2177 00013108.4793
> 175497 1
H41 -2177617.6764 06606293.7388 02943593.5238 00000908.7353 -0002439.3690 00006675.4096 02170176.4847 00013028.8679
> 175498 1
H41 -2176708.1350 06603615.7895 02950267.5709 00000910.3471 -0002445.7295 00006672.6836 02167399.6381 00012948.9494
> 175499 1
H41 -2175796.9827 06600931.6341 02956938.8890 00000911.9572 -0002452.0879 00006669.9514 02164638.7406 00012868.7240
> 175500 1
H41 -2174884.2213 06598241.2746 02963607.4717 00000913.5655 -0002458.4443 00006667.2131 02161893.8553 00012788.1921
> 175501 1
H41 -2173969.8524 06595544.7135 02970273.3130 00000915.1721 -0002464.7986 00006664.4686 02159165.0451 00012707.3539
> 175502 1
H41 -2173053.8777 06592841.9529 02976936.4068 00000916.7769 -0002471.1508 00006661.7179 02156452.3727 00012626.2098
> 175503 1
H41 -2172136.2991 06590132.9950 02983596.7467 00000918.3800 -0002477.5009 00006658.9610 02153755.9009 00012544.7602
> 175504 1
H41 -2171217.1183 06587417.8421 02990254.3268 00000919.9813 -0002483.8489 00006656.1980 02151075.6925 00012463.0055
> 175505 1
H41 -2170296.3371 06584696.4966 02996909.1408 00000921.5809 -0002490.1948 00006653.4289 02148411.8100 00012380.9462
> 175506 1
H41 -2169373.9571 06581968.9606 03003561.1825 00000923.1787 -0002496.5387 00006650.6536 02145764.3160 00012298.5826
> 175507 1
H41 -2168449.9802 06579235.2364 03010210.4459 00000924.7748 -0002502.8804 00006647.8721 02143133.2729 00012215.9154
> 175508 1
H41 -2167524.4080 06576495.3264 03016856.9247 00000926.3692 -0002509.2200 00006645.0845 02140518.7430 00012132.9449
> 175509 1
H41 -2166597.2424 06573749.2327 03023500.6128 00000927.9617 -0002515.5575 00006642.2907 02137920.7888 00012049.6718
> 175510 1
H41 -2165668.4851 06570996.9577 03030141.5041 00000929.5526 -0002521.8928 00006639.4908 02135339.4722 00011966.0966
> 175511 1
H41 -2164738.1378 06568238.5038 03036779.5924 00000931.1416 -0002528.2261 00006636.6848 02132774.8555 00011882.2199
> 175512 1
H41 -2163806.2024 06565473.8731 03043414.8716 00000932.7290 -0002534.5572 00006633.8726 02130227.0005 00011798.0423
> 175513 1
H41 -2162872.6805 06562703.0681 03050047.3355 00000934.3145 -0002540.8861 00006631.0543 02127695.9691 00011713.5645
> 175514 1
H41 -2161937.5740 06559926.0910 03056676.9781 00000935.8983 -0002547.2129 00006628.2298 02125181.8230 00011628.7871
> 175515 1
H41 -2161000.8845 06557142.9441 03063303.7931 00000937.4803 -0002553.5375 00006625.3992 02122684.6237 00011543.7109
> 175516 1
H41 -2160062.6139 06554353.6298 03069927.7745 00000939.0606 -0002559.8600 00006622.5625 02120204.4328 00011458.3366
> 175517 1
H41 -2159122.7639 06551558.1504 03076548.9161 00000940.6391 -0002566.1803 00006619.7197 02117741.3115 00011372.6649
> 175518 1
H41 -2158181.3363 06548756.5083 03083167.2118 00000942.2159 -0002572.4984 00006616.8707 02115295.3210 00011286.6967
> 175519 1
H41 -2157238.3328 06545948.7058 03089782.6554 00000943.7908 -0002578.8144 00006614.0156 02112866.5223 00011200.4327
> 175520 1
H41 -2156293.7552 06543134.7452 03096395.2410 00000945.3641 -0002585.1281 00006611.1544 02110454.9764 00011113.8738
> 175521 1
H41 -2155347.6052 06540314.6290 03103004.9622 00000946.9355 -0002591.4397 00006608.2871 02108060.7438 00011027.0208
> 175522 1
H41 -2154399.8848 06537488.3594 03109611.8131 00000948.5052 -0002597.7490 00006605.4137 02105683.8850 00010939.8748
> 175523 1
H41 -2153450.5955 06534655.9389 03116215.7875 00000950.0731 -0002604.0562 00006602.5341 02103324.4606 00010852.4366
> 175524 1
H41 -2152499.7392 06531817.3698 03122816.8793 00000951.6392 -0002610.3611 00006599.6485 02100982.5306 00010764.7071
> 175525 1
H41 -2151547.3176 06528972.6545 03129415.0824 00000953.2036 -0002616.6638 00006596.7567 02098658.1550 00010676.6875
> 175526 1
H41 -2150593.3326 06526121.7954 03136010.3907 00000954.7662 -0002622.9643 00006593.8588 02096351.3936 00010588.3786
> 175527 1
H41 -2149637.7859 06523264.7949 03142602.7980 00000956.3270 -0002629.2626 00006590.9549 02094062.3060 00010499.7817
> 175528 1
H41 -2148680.6792 06520401.6554 03149192.2984 00000957.8860 -0002635.5586 00006588.0448 02091790.9516 00010410.8976
> 175529 1
H41 -2147722.0144 06517532.3792 03155778.8857 00000959.4433 -0002641.8524 00006585.1287 02089537.3895 00010321.7277
> 175530 1
H41 -2146761.7931 06514656.9689 03162362.5537 00000960.9988 -0002648.1439 00006582.2064 02087301.6788 00010232.2729
> 175531 1
H41 -2145800.0173 06511775.4269 03168943.2965 00000962.5525 -0002654.4332 00006579.2781 02085083.8782 00010142.5345
> 175532 1
H41 -2144836.6887 06508887.7554 03175521.1080 00000964.1045 -0002660.7202 00006576.3437 02082884.0461 00010052.5138
> 175533 1
H41 -2143871.8090 06505993.9571 03182095.9819 00000965.6546 -0002667.0049 00006573.4032 02080702.2409 00009962.2118
> 175534 1
H41 -2142905.3801 06503094.0342 03188667.9123 00000967.2030 -0002673.2874 00006570.4566 02078538.5206 00009871.6300
> 175535 1
H41 -2141937.4036 06500187.9893 03195236.8931 00000968.7496 -0002679.5676 00006567.5040 02076392.9430 00009780.7696
> 175536 1
H41 -2140967.8815 06497275.8248 03201802.9182 00000970.2944 -0002685.8455 00006564.5452 02074265.5655 00009689.6319
> 175537 1
H41 -2139996.8155 06494357.5432 03208365.9816 00000971.8374 -0002692.1211 00006561.5804 02072156.4455 00009598.2183
> 175538 1
H41 -2139024.2073 06491433.1469 03214926.0771 00000973.3786 -0002698.3944 00006558.6096 02070065.6399 00009506.5303
> 175539 1
H41 -2138050.0588 06488502.6383 03221483.1987 00000974.9181 -0002704.6654 00006555.6326 02067993.2056 00009414.5692
> 175540 1
H41 -2137074.3717 06485566.0200 03228037.3403 00000976.4558 -0002710.9341 00006552.6496 02065939.1988 00009322.3364
> 175541 1
H41 -2136097.1479 06482623.2945 03234588.4959 00000977.9916 -0002717.2005 00006549.6605 02063903.6759 00009229.8336
> 175542 1
H41 -2135118.3890 06479674.4641 03241136.6594 00000979.5257 -0002723.4645 00006546.6654 02061886.6925 00009137.0621
> 175543 1
H41 -2134138.0970 06476719.5315 03247681.8247 00000981.0580 -0002729.7262 00006543.6642 02059888.3044 00009044.0237
> 175544 1
H41 -2133156.2736 06473758.4990 03254223.9858 00000982.5885 -0002735.9856 00006540.6570 02057908.5668 00008950.7197
> 175545 1
H41 -2132172.9206 06470791.3692 03260763.1367 00000984.1172 -0002742.2426 00006537.6437 02055947.5346 00008857.1520
> 175546 1
H41 -2131188.0398 06467818.1446 03267299.2713 00000985.6441 -0002748.4973 00006534.6244 02054005.2624 00008763.3220
> 175547 1
H41 -2130201.6329 06464838.8278 03273832.3835 00000987.1693 -0002754.7497 00006531.5990 02052081.8045 00008669.2316
> 175548 1
H41 -2129213.7019 06461853.4211 03280362.4673 00000988.6926 -0002760.9996 00006528.5676 02050177.2150 00008574.8824
> 175549 1
H41 -2128224.2484 06458861.9272 03286889.5166 00000990.2141 -0002767.2472 00006525.5301 02048291.5474 00008480.2761
> 175550 1
H41 -2127233.2743 06455864.3486 03293413.5255 00000991.7338 -0002773.4925 00006522.4866 02046424.8550 00008385.4146
> 175551 1
H41 -2126240.7813 06452860.6878 03299934.4879 00000993.2518 -0002779.7353 00006519.4371 02044577.1908 00008290.2996
> 175552 1
H41 -2125246.7713 06449850.9474 03306452.3977 00000994.7679 -0002785.9758 00006516.3816 02042748.6072 00008194.9331
> 175553 1
H41 -2124251.2461 06446835.1298 03312967.2490 00000996.2822 -0002792.2139 00006513.3200 02040939.1567 00008099.3168
> 175554 1
H41 -2123254.2075 06443813.2377 03319479.0357 00000997.7947 -0002798.4496 00006510.2524 02039148.8909 00008003.4526
> 175555 1
H41 -2122255.6573 06440785.2737 03325987.7517 00000999.3055 -0002804.6828 00006507.1787 02037377.8613 00007907.3426
> 175556 1
H41 -2121255.5972 06437751.2402 03332493.3911 00001000.8144 -0002810.9137 00006504.0991 02035626.1190 00007810.9887
> 175557 1
H41 -2120254.0291 06434711.1398 03338995.9479 00001002.3215 -0002817.1422 00006501.0134 02033893.7147 00007714.3929
> 175558 1
H41 -2119250.9548 06431664.9752 03345495.4159 00001003.8268 -0002823.3682 00006497.9217 02032180.6987 00007617.5572
> 175559 1
H41 -2118246.3761 06428612.7489 03351991.7893 00001005.3303 -0002829.5918 00006494.8240 02030487.1208 00007520.4837
> 175560 1
H41 -2117240.2948 06425554.4635 03358485.0620 00001006.8320 -0002835.8130 00006491.7203 02028813.0306 00007423.1745
> 175561 1
H41 -2116232.7127 06422490.1216 03364975.2280 00001008.3319 -0002842.0317 00006488.6106 02027158.4770 00007325.6317
> 175562 1
H41 -2115223.6317 06419419.7257 03371462.2812 00001009.8299 -0002848.2480 00006485.4949 02025523.5088 00007227.8574
> 175563 1
H41 -2114213.0534 06416343.2786 03377946.2158 00001011.3262 -0002854.4618 00006482.3732 02023908.1740 00007129.8540
> 175564 1
H41 -2113200.9799 06413260.7828 03384427.0256 00001012.8207 -0002860.6732 00006479.2455 02022312.5206 00007031.6235
> 175565 1
H41 -2112187.4127 06410172.2408 03390904.7048 00001014.3133 -0002866.8821 00006476.1118 02020736.5957 00006933.1683
> 175566 1
H41 -2111172.3539 06407077.6555 03397379.2472 00001015.8041 -0002873.0885 00006472.9721 02019180.4463 00006834.4906
> 175567 1
H41 -2110155.8051 06403977.0293 03403850.6470 00001017.2931 -0002879.2925 00006469.8264 02017644.1188 00006735.5928
> 175568 1
H41 -2109137.7683 06400870.3649 03410318.8981 00001018.7803 -0002885.4940 00006466.6748 02016127.6592 00006636.4772
> 175569 1
H41 -2108118.2451 06397757.6650 03416783.9946 00001020.2657 -0002891.6930 00006463.5171 02014631.1129 00006537.1461
> 175570 1
H41 -2107097.2375 06394638.9321 03423245.9304 00001021.7492 -0002897.8895 00006460.3535 02013154.5249 00006437.6021
> 175571 1
H41 -2106074.7473 06391514.1690 03429704.6996 00001023.2310 -0002904.0835 00006457.1839 02011697.9398 00006337.8474
> 175572 1
H41 -2105050.7762 06388383.3784 03436160.2962 00001024.7109 -0002910.2749 00006454.0083 02010261.4017 00006237.8847
> 175573 1
H41 -2104025.3261 06385246.5627 03442612.7143 00001026.1890 -0002916.4639 00006450.8268 02008844.9540 00006137.7163
> 175574 1
H41 -2102998.3989 06382103.7249 03449061.9479 00001027.6652 -0002922.6504 00006447.6393 02007448.6399 00006037.3449
> 175575 1
H41 -2101969.9963 06378954.8674 03455507.9909 00001029.1397 -0002928.8343 00006444.4458 02006072.5019 00005936.7729
> 175576 1
H41 -2100940.1201 06375799.9930 03461950.8375 00001030.6123 -0002935.0157 00006441.2464 02004716.5820 00005836.0030
> 175577 1
H41 -2099908.7723 06372639.1044 03468390.4817 00001032.0831 -0002941.1946 00006438.0410 02003380.9218 00005735.0377
> 175578 1
H41 -2098875.9545 06369472.2043 03474826.9175 00001033.5521 -0002947.3709 00006434.8296 02002065.5622 00005633.8798
> 175579 1
H41 -2097841.6687 06366299.2954 03481260.1390 00001035.0192 -0002953.5447 00006431.6123 02000770.5437 00005532.5319
> 175580 1
H41 -2096805.9167 06363120.3803 03487690.1402 00001036.4845 -0002959.7159 00006428.3891 01999495.9063 00005430.9966
> 175581 1
H41 -2095768.7003 06359935.4618 03494116.9152 00001037.9480 -0002965.8845 00006425.1599 01998241.6894 00005329.2768
> 175582 1
H41 -2094730.0212 06356744.5426 03500540.4580 00001039.4097 -0002972.0506 00006421.9248 01997007.9317 00005227.3752
> 175583 1
H41 -2093689.8815 06353547.6255 03506960.7628 00001040.8695 -0002978.2141 00006418.6837 01995794.6717 00005125.2945
> 175584 1
H41 -2092648.2828 06350344.7131 03513377.8234 00001042.3275 -0002984.3751 00006415.4367 01994601.9470 00005023.0376
> 175585 1
H41 -2091605.2271 06347135.8082 03519791.6341 00001043.7837 -0002990.5334 00006412.1837 01993429.7948 00004920.6073
> 175586 1
H41 -2090560.7161 06343920.9135 03526202.1889 00001045.2380 -0002996.6892 00006408.9248 01992278.2518 00004818.0064
> 175587 1
H41 -2089514.7516 06340700.0317 03532609.4818 00001046.6905 -0003002.8423 00006405.6600 01991147.3539 00004715.2380
> 175588 1
H41 -2088467.3357 06337473.1657 03539013.5069 00001048.1412 -0003008.9929 00006402.3893 01990037.1366 00004612.3048
> 175589 1
H41 -2087418.4699 06334240.3182 03545414.2584 00001049.5900 -0003015.1408 00006399.1126 01988947.6348 00004509.2098
> 175590 1
H41 -2086368.1563 06331001.4919 03551811.7302 00001051.0370 -0003021.2862 00006395.8300 01987878.8828 00004405.9560
> 175591 1
H41 -2085316.3966 06327756.6896 03558205.9165 00001052.4821 -0003027.4289 00006392.5415 01986830.9142 00004302.5464
> 175592 1
H41 -2084263.1926 06324505.9141 03564596.8113 00001053.9254 -0003033.5689 00006389.2471 01985803.7622 00004198.9840
> 175593 1
H41 -2083208.5463 06321249.1681 03570984.4088 00001055.3669 -0003039.7064 00006385.9468 01984797.4592 00004095.2718
> 175594 1
H41 -2082152.4594 06317986.4545 03577368.7030 00001056.8065 -0003045.8412 00006382.6406 01983812.0370 00003991.4130
> 175595 1
H41 -2081094.9338 06314717.7760 03583749.6880 00001058.2443 -0003051.9734 00006379.3285 01982847.5270 00003887.4105
> 175596 1
H41 -2080035.9714 06311443.1354 03590127.3580 00001059.6803 -0003058.1029 00006376.0104 01981903.9597 00003783.2675
> 175597 1
H41 -2078975.5739 06308162.5356 03596501.7069 00001061.1144 -0003064.2297 00006372.6865 01980981.3652 00003678.9871
> 175598 1
H41 -2077913.7433 06304875.9793 03602872.7290 00001062.5466 -0003070.3539 00006369.3567 01980079.7729 00003574.5726
> 175599 1
H41 -2076850.4813 06301583.4694 03609240.4183 00001063.9770 -0003076.4754 00006366.0210 01979199.2114 00003470.0269
> 175600 1
H41 -2075785.7898 06298285.0086 03615604.7690 00001065.4056 -0003082.5943 00006362.6794 01978339.7090 00003365.3535
> 175601 1
H41 -2074719.6707 06294980.5999 03621965.7751 00001066.8323 -0003088.7104 00006359.3319 01977501.2930 00003260.5554
> 175602 1
H41 -2073652.1258 06291670.2460 03628323.4308 00001068.2572 -0003094.8239 00006355.9785 01976683.9903 00003155.6359
> 175603 1
H41 -2072583.1569 06288353.9497 03634677.7301 00001069.6802 -0003100.9347 00006352.6192 01975887.8270 00003050.5983
> 175604 1
H41 -2071512.7660 06285031.7139 03641028.6673 00001071.1014 -0003107.0428 00006349.2541 01975112.8286 00002945.4458
> 175605 1
H41 -2070440.9548 06281703.5415 03647376.2364 00001072.5207 -0003113.1481 00006345.8831 01974359.0200 00002840.1818
> 175606 1
H41 -2069367.7252 06278369.4353 03653720.4315 00001073.9382 -0003119.2508 00006342.5062 01973626.4254 00002734.8095
> 175607 1
H41 -2068293.0791 06275029.3982 03660061.2469 00001075.3538 -0003125.3507 00006339.1235 01972915.0683 00002629.3324
> 175608 1
H41 -2067217.0183 06271683.4330 03666398.6766 00001076.7675 -0003131.4480 00006335.7349 01972224.9715 00002523.7537
> 175609 1
H41 -2066139.5447 06268331.5427 03672732.7147 00001078.1794 -0003137.5424 00006332.3404 01971556.1572 00002418.0768
> 175610 1
H41 -2065060.6601 06264973.7300 03679063.3555 00001079.5895 -0003143.6342 00006328.9401 01970908.6469 00002312.3051
> 175611 1
H41 -2063980.3663 06261609.9979 03685390.5930 00001080.9977 -0003149.7232 00006325.5339 01970282.4614 00002206.4420
> 175612 1
H41 -2062898.6653 06258240.3492 03691714.4214 00001082.4040 -0003155.8095 00006322.1219 01969677.6208 00002100.4909
> 175613 1
H41 -2061815.5589 06254864.7869 03698034.8349 00001083.8085 -0003161.8930 00006318.7040 01969094.1446 00001994.4552
> 175614 1
H41 -2060731.0489 06251483.3138 03704351.8275 00001085.2111 -0003167.9737 00006315.2803 01968532.0515 00001888.3385
> 175615 1
H41 -2059645.1373 06248095.9329 03710665.3935 00001086.6119 -0003174.0517 00006311.8507 01967991.3595 00001782.1441
> 175616 1
H41 -2058557.8258 06244702.6470 03716975.5271 00001088.0108 -0003180.1269 00006308.4153 01967472.0860 00001675.8755
> 175617 1
H41 -2057469.1164 06241303.4592 03723282.2223 00001089.4078 -0003186.1994 00006304.9741 01966974.2476 00001569.5362
> 175618 1
H41 -2056379.0108 06237898.3722 03729585.4733 00001090.8030 -0003192.2690 00006301.5270 01966497.8603 00001463.1298
> 175619 1
H41 -2055287.5110 06234487.3891 03735885.2744 00001092.1963 -0003198.3359 00006298.0741 01966042.9393 00001356.6596
> 175620 1
H41 -2054194.6188 06231070.5127 03742181.6197 00001093.5878 -0003204.4000 00006294.6154 01965609.4992 00001250.1293
> 175621 1
H41 -2053100.3361 06227647.7460 03748474.5033 00001094.9773 -0003210.4612 00006291.1509 01965197.5537 00001143.5424
> 175622 1
H41 -2052004.6648 06224219.0920 03754763.9195 00001096.3651 -0003216.5197 00006287.6805 01964807.1160 00001036.9023
> 175623 1
H41 -2050907.6066 06220784.5536 03761049.8624 00001097.7509 -0003222.5753 00006284.2043 01964438.1985 00000930.2128
> 175624 1
H41 -2049809.1636 06217344.1338 03767332.3262 00001099.1349 -0003228.6282 00006280.7223 01964090.8127 00000823.4772
> 175625 1
H41 -2048709.3375 06213897.8355 03773611.3051 00001100.5170 -0003234.6782 00006277.2345 01963764.9698 00000716.6993
> 175626 1
H41 -2047608.1302 06210445.6616 03779886.7933 00001101.8973 -0003240.7253 00006273.7409 01963460.6799 00000609.8825
> 175627 1
H41 -2046505.5436 06206987.6152 03786158.7850 00001103.2756 -0003246.7697 00006270.2415 01963177.9525 00000503.0305
> 175628 1
H41 -2045401.5795 06203523.6993 03792427.2744 00001104.6521 -0003252.8112 00006266.7363 01962916.7964 00000396.1468
> 175629 1
H41 -2044296.2399 06200053.9168 03798692.2556 00001106.0268 -0003258.8498 00006263.2253 01962677.2197 00000289.2351
> 175630 1
H41 -2043189.5266 06196578.2707 03804953.7230 00001107.3995 -0003264.8856 00006259.7085 01962459.2296 00000182.2989
> 175631 1
H41 -2042081.4414 06193096.7641 03811211.6706 00001108.7704 -0003270.9185 00006256.1859 01962262.8328 00000075.3419
> 175632 1
H41 -2040971.9863 06189609.3998 03817466.0927 00001110.1394 -0003276.9486 00006252.6575 01962088.0352 -0000031.6324
> 175633 1
H41 -2039861.1632 06186116.1810 03823716.9836 00001111.5066 -0003282.9758 00006249.1233 01961934.8419 -0000138.6203
> 175634 1
H41 -2038748.9738 06182617.1106 03829964.3374 00001112.8719 -0003289.0001 00006245.5834 01961803.2573 -0000245.6182
> 175635 1
H41 -2037635.4201 06179112.1917 03836208.1484 00001114.2352 -0003295.0215 00006242.0376 01961693.2850 -0000352.6224
> 175636 1
H41 -2036520.5039 06175601.4272 03842448.4108 00001115.5968 -0003301.0400 00006238.4861 01961604.9281 -0000459.6295
> 175637 1
H41 -2035404.2272 06172084.8203 03848685.1188 00001116.9564 -0003307.0557 00006234.9289 01961538.1887 -0000566.6356
> 175638 1
H41 -2034286.5918 06168562.3739 03854918.2666 00001118.3141 -0003313.0684 00006231.3658 01961493.0683 -0000673.6373
> 175639 1
H41 -2033167.5996 06165034.0911 03861147.8485 00001119.6700 -0003319.0782 00006227.7970 01961469.5676 -0000780.6309
> 175640 1
H41 -2032047.2524 06161499.9750 03867373.8587 00001121.0240 -0003325.0852 00006224.2225 01961467.6866 -0000887.6127
> 175641 1
H41 -2030925.5522 06157960.0285 03873596.2915 00001122.3761 -0003331.0891 00006220.6421 01961487.4246 -0000994.5792
> 175642 1
H41 -2029802.5008 06154414.2548 03879815.1411 00001123.7263 -0003337.0902 00006217.0561 01961528.7802 -0001101.5267
> 175643 1
H41 -2028678.1001 06150862.6569 03886030.4017 00001125.0747 -0003343.0884 00006213.4642 01961591.7511 -0001208.4515
> 175644 1
H41 -2027552.3520 06147305.2378 03892242.0677 00001126.4212 -0003349.0836 00006209.8667 01961676.3345 -0001315.3502
> 175645 1
H41 -2026425.2584 06143742.0008 03898450.1332 00001127.7657 -0003355.0758 00006206.2633 01961782.5265 -0001422.2190
> 175646 1
H41 -2025296.8212 06140172.9487 03904654.5925 00001129.1084 -0003361.0651 00006202.6543 01961910.3229 -0001529.0544
> 175647 1
H41 -2024167.0422 06136598.0848 03910855.4398 00001130.4492 -0003367.0515 00006199.0395 01962059.7185 -0001635.8527
> 175648 1
H41 -2023035.9233 06133017.4122 03917052.6695 00001131.7882 -0003373.0349 00006195.4190 01962230.7074 -0001742.6104
> 175649 1
H41 -2021903.4665 06129430.9338 03923246.2758 00001133.1252 -0003379.0153 00006191.7927 01962423.2830 -0001849.3238
> 175650 1
H41 -2020769.6736 06125838.6528 03929436.2530 00001134.4603 -0003384.9927 00006188.1607 01962637.4380 -0001955.9894
> 175651 1
H41 -2019634.5464 06122240.5724 03935622.5954 00001135.7936 -0003390.9672 00006184.5230 01962873.1644 -0002062.6036
> 175652 1
H41 -2018498.0870 06118636.6956 03941805.2971 00001137.1250 -0003396.9387 00006180.8796 01963130.4534 -0002169.1628
> 175653 1
H41 -2017360.2971 06115027.0256 03947984.3526 00001138.4544 -0003402.9072 00006177.2304 01963409.2954 -0002275.6635
> 175654 1
H41 -2016221.1787 06111411.5655 03954159.7560 00001139.7820 -0003408.8727 00006173.5755 01963709.6802 -0002382.1021
> 175655 1
H41 -2015080.7337 06107790.3184 03960331.5018 00001141.1077 -0003414.8352 00006169.9150 01964031.5970 -0002488.4750
> 175656 1
H41 -2013938.9639 06104163.2875 03966499.5841 00001142.4315 -0003420.7947 00006166.2487 01964375.0339 -0002594.7787
> 175657 1
H41 -2012795.8713 06100530.4758 03972663.9972 00001143.7534 -0003426.7512 00006162.5767 01964739.9786 -0002701.0097
> 175658 1
H41 -2011651.4577 06096891.8866 03978824.7356 00001145.0734 -0003432.7046 00006158.8990 01965126.4180 -0002807.1645
> 175659 1
H41 -2010505.7251 06093247.5230 03984981.7933 00001146.3915 -0003438.6550 00006155.2156 01965534.3383 -0002913.2396
> 175660 1
H41 -2009358.6753 06089597.3882 03991135.1649 00001147.7078 -0003444.6024 00006151.5265 01965963.7249 -0003019.2315
> 175661 1
H41 -2008210.3102 06085941.4853 03997284.8445 00001149.0221 -0003450.5468 00006147.8318 01966414.5626 -0003125.1366
> 175662 1
H41 -2007060.6317 06082279.8175 04003430.8265 00001150.3345 -0003456.4881 00006144.1313 01966886.8354 -0003230.9516
> 175663 1
H41 -2005909.6418 06078612.3880 04009573.1052 00001151.6450 -0003462.4264 00006140.4252 01967380.5266 -0003336.6730
> 175664 1
H41 -2004757.3423 06074939.1999 04015711.6750 00001152.9537 -0003468.3616 00006136.7133 01967895.6189 -0003442.2973
> 175665 1
H41 -2003603.7351 06071260.2565 04021846.5301 00001154.2604 -0003474.2938 00006132.9959 01968432.0943 -0003547.8212
> 175666 1
H41 -2002448.8222 06067575.5609 04027977.6648 00001155.5652 -0003480.2229 00006129.2727 01968989.9339 -0003653.2411
> 175667 1
H41 -2001292.6053 06063885.1164 04034105.0735 00001156.8681 -0003486.1489 00006125.5438 01969569.1183 -0003758.5539
> 175668 1
H41 -2000135.0865 06060188.9260 04040228.7506 00001158.1692 -0003492.0718 00006121.8093 01970169.6273 -0003863.7559
> 175669 1
H41 -1998976.2676 06056486.9932 04046348.6903 00001159.4683 -0003497.9917 00006118.0692 01970791.4402 -0003968.8440
> 175670 1
H41 -1997816.1506 06052779.3210 04052464.8870 00001160.7655 -0003503.9084 00006114.3233 01971434.5354 -0004073.8147
> 175671 1
H41 -1996654.7373 06049065.9127 04058577.3351 00001162.0608 -0003509.8221 00006110.5719 01972098.8906 -0004178.6647
> 175672 1
H41 -1995492.0296 06045346.7715 04064686.0288 00001163.3542 -0003515.7327 00006106.8147 01972784.4831 -0004283.3908
> 175673 1
H41 -1994328.0294 06041621.9006 04070790.9626 00001164.6457 -0003521.6401 00006103.0519 01973491.2892 -0004387.9896
> 175674 1
H41 -1993162.7388 06037891.3034 04076892.1308 00001165.9353 -0003527.5445 00006099.2835 01974219.2847 -0004492.4579
> 175675 1
H41 -1991996.1594 06034154.9829 04082989.5277 00001167.2230 -0003533.4457 00006095.5094 01974968.4448 -0004596.7925
> 175676 1
H41 -1990828.2934 06030412.9425 04089083.1478 00001168.5088 -0003539.3438 00006091.7297 01975738.7439 -0004700.9900
> 175677 1
H41 -1989659.1425 06026665.1855 04095172.9853 00001169.7927 -0003545.2388 00006087.9444 01976530.1558 -0004805.0473
> 175678 1
H41 -1988488.7087 06022911.7150 04101259.0346 00001171.0746 -0003551.1306 00006084.1534 01977342.6535 -0004908.9613
> 175679 1
H41 -1987316.9938 06019152.5344 04107341.2902 00001172.3547 -0003557.0193 00006080.3568 01978176.2097 -0005012.7287
> 175680 1
H41 -1986143.9999 06015387.6470 04113419.7463 00001173.6328 -0003562.9049 00006076.5545 01979030.7961 -0005116.3465
> 175681 1
H41 -1984969.7288 06011617.0559 04119494.3974 00001174.9091 -0003568.7872 00006072.7467 01979906.3839 -0005219.8114
> 175682 1
H41 -1983794.1824 06007840.7645 04125565.2378 00001176.1834 -0003574.6665 00006068.9332 01980802.9437 -0005323.1205
> 175683 1
H41 -1982617.3627 06004058.7760 04131632.2620 00001177.4558 -0003580.5425 00006065.1141 01981720.4455 -0005426.2706
> 175684 1
H41 -1981439.2715 06000271.0939 04137695.4642 00001178.7263 -0003586.4154 00006061.2894 01982658.8584 -0005529.2587
> 175685 1
H41 -1980259.9107 05996477.7212 04143754.8390 00001179.9949 -0003592.2852 00006057.4591 01983618.1512 -0005632.0817
> 175686 1
H41 -1979079.2823 05992678.6615 04149810.3806 00001181.2615 -0003598.1517 00006053.6232 01984598.2920 -0005734.7367
> 175687 1
H41 -1977897.3883 05988873.9179 04155862.0836 00001182.5263 -0003604.0151 00006049.7817 01985599.2481 -0005837.2207
> 175688 1
H41 -1976714.2304 05985063.4938 04161909.9422 00001183.7891 -0003609.8752 00006045.9346 01986620.9865 -0005939.5308
> 175689 1
H41 -1975529.8107 05981247.3925 04167953.9510 00001185.0500 -0003615.7322 00006042.0819 01987663.4733 -0006041.6639
> 175690 1
H41 -1974344.1310 05977425.6174 04173994.1042 00001186.3090 -0003621.5859 00006038.2237 01988726.6741 -0006143.6173
> 175691 1
H41 -1973157.1932 05973598.1717 04180030.3964 00001187.5661 -0003627.4364 00006034.3598 01989810.5541 -0006245.3881
> 175692 1
H41 -1971968.9993 05969765.0588 04186062.8219 00001188.8213 -0003633.2838 00006030.4903 01990915.0777 -0006346.9733
> 175693 1
H41 -1970779.5513 05965926.2821 04192091.3752 00001190.0745 -0003639.1279 00006026.6153 01992040.2086 -0006448.3703
> 175694 1
H41 -1969588.8509 05962081.8448 04198116.0507 00001191.3259 -0003644.9687 00006022.7347 01993185.9103 -0006549.5761
> 175695 1
H41 -1968396.9002 05958231.7504 04204136.8428 00001192.5753 -0003650.8064 00006018.8485 01994352.1453 -0006650.5881
> 175696 1
H41 -1967203.7010 05954376.0022 04210153.7459 00001193.8227 -0003656.6408 00006014.9568 01995538.8760 -0006751.4035
> 175697 1
H41 -1966009.2553 05950514.6035 04216166.7545 00001195.0683 -0003662.4719 00006011.0595 01996746.0638 -0006852.0196
> 175698 1
H41 -1964813.5651 05946647.5578 04222175.8630 00001196.3119 -0003668.2998 00006007.1566 01997973.6698 -0006952.4337
> 175699 1
H41 -1963616.6321 05942774.8685 04228181.0659 00001197.5537 -0003674.1245 00006003.2482 01999221.6545 -0007052.6432
> 175700 1
H41 -1962418.4584 05938896.5388 04234182.3575 00001198.7934 -0003679.9458 00005999.3342 02000489.9777 -0007152.6454
> 175701 1
H41 -1961219.0458 05935012.5722 04240179.7324 00001200.0313 -0003685.7639 00005995.4147 02001778.5990 -0007252.4378
> 175702 1
H41 -1960018.3964 05931122.9720 04246173.1851 00001201.2673 -0003691.5788 00005991.4896 02003087.4772 -0007352.0178
> 175703 1
H41 -1958816.5120 05927227.7417 04252162.7098 00001202.5013 -0003697.3903 00005987.5590 02004416.5705 -0007451.3829
> 175704 1
H41 -1957613.3945 05923326.8847 04258148.3012 00001203.7334 -0003703.1986 00005983.6228 02005765.8369 -0007550.5305
> 175705 1
H41 -1956409.0459 05919420.4044 04264129.9537 00001204.9635 -0003709.0036 00005979.6812 02007135.2336 -0007649.4582
> 175706 1
H41 -1955203.4681 05915508.3042 04270107.6617 00001206.1917 -0003714.8052 00005975.7339 02008524.7174 -0007748.1636
> 175707 1
H41 -1953996.6631 05911590.5874 04276081.4197 00001207.4181 -0003720.6036 00005971.7812 02009934.2446 -0007846.6442
> 175708 1
H41 -1952788.6327 05907667.2577 04282051.2222 00001208.6424 -0003726.3987 00005967.8229 02011363.7710 -0007944.8977
> 175709 1
H41 -1951579.3788 05903738.3182 04288017.0637 00001209.8649 -0003732.1904 00005963.8591 02012813.2519 -0008042.9216
> 175710 1
H41 -1950368.9035 05899803.7726 04293978.9386 00001211.0854 -0003737.9789 00005959.8898 02014282.6422 -0008140.7138
> 175711 1
H41 -1949157.2087 05895863.6242 04299936.8415 00001212.3040 -0003743.7640 00005955.9150 02015771.8961 -0008238.2718
> 175712 1
H41 -1947944.2962 05891917.8765 04305890.7668 00001213.5206 -0003749.5457 00005951.9347 02017280.9676 -0008335.5935
> 175713 1
H41 -1946730.1681 05887966.5330 04311840.7090 00001214.7353 -0003755.3242 00005947.9488 02018809.8099 -0008432.6767
> 175714 1
H41 -1945514.8262 05884009.5970 04317786.6626 00001215.9481 -0003761.0993 00005943.9575 02020358.3762 -0008529.5190
> 175715 1
H41 -1944298.2725 05880047.0721 04323728.6222 00001217.1590 -0003766.8710 00005939.9607 02021926.6188 -0008626.1184
> 175716 1
H41 -1943080.5089 05876078.9617 04329666.5821 00001218.3679 -0003772.6394 00005935.9583 02023514.4899 -0008722.4728
> 175717 1
H41 -1941861.5373 05872105.2694 04335600.5370 00001219.5749 -0003778.4044 00005931.9505 02025121.9409 -0008818.5800
> 175718 1
H41 -1940641.3597 05868125.9985 04341530.4813 00001220.7799 -0003784.1661 00005927.9372 02026748.9232 -0008914.4380
> 175719 1
H41 -1939419.9781 05864141.1525 04347456.4095 00001221.9831 -0003789.9244 00005923.9184 02028395.3873 -0009010.0447
> 175720 1
H41 -1938197.3942 05860150.7350 04353378.3163 00001223.1842 -0003795.6793 00005919.8941 02030061.2838 -0009105.3981
> 175721 1
H41 -1936973.6102 05856154.7495 04359296.1960 00001224.3835 -0003801.4308 00005915.8644 02031746.5623 -0009200.4964
> 175722 1
H41 -1935748.6279 05852153.1994 04365210.0432 00001225.5808 -0003807.1790 00005911.8292 02033451.1725 -0009295.3374
> 175723 1
H41 -1934522.4493 05848146.0882 04371119.8524 00001226.7761 -0003812.9237 00005907.7885 02035175.0635 -0009389.9194
> 175724 1
H41 -1933295.0763 05844133.4196 04377025.6183 00001227.9696 -0003818.6651 00005903.7423 02036918.1839 -0009484.2405
> 175725 1
H41 -1932066.5108 05840115.1969 04382927.3352 00001229.1611 -0003824.4030 00005899.6907 02038680.4821 -0009578.2987
> 175726 1
H41 -1930836.7548 05836091.4237 04388824.9978 00001230.3506 -0003830.1375 00005895.6336 02040461.9059 -0009672.0924
> 175727 1
H41 -1929605.8102 05832062.1035 04394718.6007 00001231.5382 -0003835.8687 00005891.5711 02042262.4030 -0009765.6198
> 175728 1
H41 -1928373.6790 05828027.2399 04400608.1382 00001232.7239 -0003841.5963 00005887.5031 02044081.9205 -0009858.8790
> 175729 1
H41 -1927140.3631 05823986.8364 04406493.6051 00001233.9076 -0003847.3206 00005883.4297 02045920.4053 -0009951.8684
> 175730 1
H41 -1925905.8645 05819940.8965 04412374.9958 00001235.0894 -0003853.0414 00005879.3508 02047777.8038 -0010044.5863
> 175731 1
H41 -1924670.1850 05815889.4238 04418252.3049 00001236.2692 -0003858.7588 00005875.2665 02049654.0622 -0010137.0311
> 175732 1
H41 -1923433.3267 05811832.4219 04424125.5270 00001237.4471 -0003864.4728 00005871.1768 02051549.1261 -0010229.2011
> 175733 1
H41 -1922195.2914 05807769.8942 04429994.6566 00001238.6231 -0003870.1833 00005867.0816 02053462.9412 -0010321.0949
> 175734 1
H41 -1920956.0812 05803701.8445 04435859.6884 00001239.7971 -0003875.8903 00005862.9810 02055395.4523 -0010412.7107
> 175735 1
H41 -1919715.6979 05799628.2762 04441720.6169 00001240.9691 -0003881.5939 00005858.8750 02057346.6045 -0010504.0472
> 175736 1
H41 -1918474.1436 05795549.1929 04447577.4366 00001242.1392 -0003887.2940 00005854.7635 02059316.3420 -0010595.1028
> 175737 1
H41 -1917231.4201 05791464.5981 04453430.1421 00001243.3074 -0003892.9906 00005850.6467 02061304.6092 -0010685.8761
> 175738 1
H41 -1915987.5294 05787374.4956 04459278.7282 00001244.4736 -0003898.6838 00005846.5244 02063311.3497 -0010776.3657
> 175739 1
H41 -1914742.4735 05783278.8889 04465123.1892 00001245.6379 -0003904.3735 00005842.3967 02065336.5073 -0010866.5701
> 175740 1
H41 -1913496.2542 05779177.7815 04470963.5199 00001246.8002 -0003910.0596 00005838.2637 02067380.0251 -0010956.4881
> 175741 1
H41 -1912248.8736 05775071.1771 04476799.7147 00001247.9606 -0003915.7423 00005834.1252 02069441.8462 -0011046.1183
> 175742 1
H41 -1911000.3336 05770959.0792 04482631.7684 00001249.1191 -0003921.4215 00005829.9813 02071521.9132 -0011135.4594
> 175743 1
H41 -1909750.6362 05766841.4916 04488459.6755 00001250.2755 -0003927.0972 00005825.8320 02073620.1686 -0011224.5101
> 175744 1
H41 -1908499.7832 05762718.4178 04494283.4307 00001251.4301 -0003932.7694 00005821.6774 02075736.5546 -0011313.2694
> 175745 1
H41 -1907247.7767 05758589.8614 04500103.0285 00001252.5826 -0003938.4380 00005817.5173 02077871.0131 -0011401.7358
> 175746 1
H41 -1905994.6186 05754455.8261 04505918.4636 00001253.7333 -0003944.1031 00005813.3519 02080023.4856 -0011489.9083
> 175747 1
H41 -1904740.3108 05750316.3155 04511729.7305 00001254.8820 -0003949.7647 00005809.1811 02082193.9138 -0011577.7858
> 175748 1
H41 -1903484.8553 05746171.3332 04517536.8240 00001256.0287 -0003955.4228 00005805.0049 02084382.2386 -0011665.3671
> 175749 1
H41 -1902228.2541 05742020.8829 04523339.7386 00001257.1734 -0003961.0773 00005800.8234 02086588.4011 -0011752.6512
> 175750 1
H41 -1900970.5091 05737864.9682 04529138.4689 00001258.3163 -0003966.7283 00005796.6365 02088812.3419 -0011839.6370
> 175751 1
H41 -1899711.6222 05733703.5929 04534933.0097 00001259.4571 -0003972.3757 00005792.4442 02091054.0017 -0011926.3236
> 175752 1
H41 -1898451.5954 05729536.7605 04540723.3555 00001260.5960 -0003978.0196 00005788.2465 02093313.3205 -0012012.7099
> 175753 1
H41 -1897190.4308 05725364.4747 04546509.5010 00001261.7330 -0003983.6599 00005784.0436 02095590.2386 -0012098.7950
> 175754 1
H41 -1895928.1301 05721186.7391 04552291.4408 00001262.8680 -0003989.2966 00005779.8352 02097884.6958 -0012184.5780
> 175755 1
H41 -1894664.6954 05717003.5576 04558069.1696 00001264.0011 -0003994.9298 00005775.6215 02100196.6317 -0012270.0581
> 175756 1
H41 -1893400.1286 05712814.9337 04563842.6821 00001265.1321 -0004000.5593 00005771.4025 02102525.9859 -0012355.2342
> 175757 1
H41 -1892134.4318 05708620.8711 04569611.9729 00001266.2613 -0004006.1853 00005767.1781 02104872.6976 -0012440.1057
> 175758 1
H41 -1890867.6068 05704421.3736 04575377.0366 00001267.3884 -0004011.8077 00005762.9484 02107236.7059 -0012524.6718
> 175759 1
H41 -1889599.6555 05700216.4448 04581137.8680 00001268.5137 -0004017.4265 00005758.7134 02109617.9499 -0012608.9315
> 175760 1
H41 -1888330.5801 05696006.0884 04586894.4616 00001269.6369 -0004023.0417 00005754.4730 02112016.3683 -0012692.8843
> 175761 1
H41 -1887060.3823 05691790.3081 04592646.8123 00001270.7582 -0004028.6533 00005750.2274 02114431.8996 -0012776.5294
> 175762 1
H41 -1885789.0643 05687569.1077 04598394.9146 00001271.8776 -0004034.2613 00005745.9764 02116864.4825 -0012859.8662
> 175763 1
H41 -1884516.6278 05683342.4909 04604138.7632 00001272.9950 -0004039.8657 00005741.7200 02119314.0552 -0012942.8939
> 175764 1
H41 -1883243.0750 05679110.4614 04609878.3529 00001274.1104 -0004045.4664 00005737.4584 02121780.5559 -0013025.6120
> 175765 1
H41 -1881968.4078 05674873.0229 04615613.6783 00001275.2238 -0004051.0636 00005733.1915 02124263.9226 -0013108.0198
> 175766 1
H41 -1880692.6280 05670630.1791 04621344.7341 00001276.3353 -0004056.6570 00005728.9192 02126764.0932 -0013190.1169
> 175767 1
H41 -1879415.7377 05666381.9339 04627071.5150 00001277.4449 -0004062.2469 00005724.6417 02129281.0056 -0013271.9025
> 175768 1
H41 -1878137.7389 05662128.2909 04632794.0157 00001278.5524 -0004067.8331 00005720.3589 02131814.5974 -0013353.3764
> 175769 1
H41 -1876858.6335 05657869.2539 04638512.2310 00001279.6581 -0004073.4156 00005716.0707 02134364.8061 -0013434.5378
> 175770 1
H41 -1875578.4234 05653604.8266 04644226.1555 00001280.7617 -0004078.9945 00005711.7773 02136931.5693 -0013515.3865
> 175771 1
H41 -1874297.1107 05649335.0128 04649935.7839 00001281.8634 -0004084.5697 00005707.4786 02139514.8241 -0013595.9220
> 175772 1
H41 -1873014.6973 05645059.8164 04655641.1110 00001282.9631 -0004090.1413 00005703.1747 02142114.5080 -0013676.1438
> 175773 1
H41 -1871731.1851 05640779.2409 04661342.1314 00001284.0609 -0004095.7091 00005698.8654 02144730.5580 -0013756.0516
> 175774 1
H41 -1870446.5762 05636493.2904 04667038.8400 00001285.1567 -0004101.2733 00005694.5509 02147362.9112 -0013835.6451
> 175775 1
H41 -1869160.8724 05632201.9684 04672731.2314 00001286.2505 -0004106.8339 00005690.2311 02150011.5046 -0013914.9238
> 175776 1
H41 -1867874.0758 05627905.2788 04678419.3004 00001287.3424 -0004112.3907 00005685.9060 02152676.2751 -0013993.8876
> 175777 1
H41 -1866586.1884 05623603.2254 04684103.0418 00001288.4323 -0004117.9438 00005681.5757 02155357.1595 -0014072.5361
> 175778 1
H41 -1865297.2120 05619295.8120 04689782.4501 00001289.5202 -0004123.4933 00005677.2402 02158054.0946 -0014150.8691
> 175779 1
H41 -1864007.1486 05614983.0423 04695457.5203 00001290.6062 -0004129.0390 00005672.8993 02160767.0172 -0014228.8863
> 175780 1
H41 -1862716.0003 05610664.9203 04701128.2470 00001291.6902 -0004134.5810 00005668.5533 02163495.8638 -0014306.5876
> 175781 1
H41 -1861423.7690 05606341.4497 04706794.6251 00001292.7722 -0004140.1193 00005664.2019 02166240.5711 -0014383.9728
> 175782 1
H41 -1860130.4566 05602012.6343 04712456.6492 00001293.8522 -0004145.6539 00005659.8454 02169001.0756 -0014461.0418
> 175783 1
H41 -1858836.0652 05597678.4779 04718114.3141 00001294.9303 -0004151.1847 00005655.4836 02171777.3139 -0014537.7943
> 175784 1
H41 -1857540.5966 05593338.9845 04723767.6147 00001296.0064 -0004156.7118 00005651.1166 02174569.2224 -0014614.2303
> 175785 1
H41 -1856244.0529 05588994.1577 04729416.5456 00001297.0806 -0004162.2352 00005646.7443 02177376.7377 -0014690.3498
> 175786 1
H41 -1854946.4361 05584644.0016 04735061.1016 00001298.1528 -0004167.7548 00005642.3669 02180199.7960 -0014766.1527
> 175787 1
H41 -1853647.7480 05580288.5198 04740701.2776 00001299.2230 -0004173.2707 00005637.9842 02183038.3338 -0014841.6388
> 175788 1
H41 -1852347.9908 05575927.7162 04746337.0682 00001300.2912 -0004178.7828 00005633.5963 02185892.2876 -0014916.8083
> 175789 1
H41 -1851047.1662 05571561.5948 04751968.4684 00001301.3575 -0004184.2912 00005629.2032 02188761.5937 -0014991.6611
> 175790 1
H41 -1849745.2764 05567190.1593 04757595.4728 00001302.4218 -0004189.7957 00005624.8048 02191646.1883 -0015066.1973
> 175791 1
H41 -1848442.3233 05562813.4137 04763218.0763 00001303.4841 -0004195.2966 00005620.4013 02194546.0081 -0015140.4169
> 175792 1
H41 -1847138.3089 05558431.3617 04768836.2737 00001304.5445 -0004200.7936 00005615.9926 02197460.9891 -0015214.3200
> 175793 1
H41 -1845833.2351 05554044.0074 04774450.0598 00001305.6028 -0004206.2869 00005611.5787 02200391.0680 -0015287.9067
> 175794 1
H41 -1844527.1039 05549651.3545 04780059.4293 00001306.6592 -0004211.7763 00005607.1596 02203336.1810 -0015361.1770
> 175795 1
H41 -1843219.9172 05545253.4069 04785664.3771 00001307.7137 -0004217.2620 00005602.7353 02206296.2645 -0015434.1313
> 175796 1
H41 -1841911.6772 05540850.1686 04791264.8981 00001308.7661 -0004222.7439 00005598.3058 02209271.2549 -0015506.7695
> 175797 1
H41 -1840602.3856 05536441.6434 04796860.9870 00001309.8166 -0004228.2220 00005593.8711 02212261.0887 -0015579.0919
> 175798 1
H41 -1839292.0446 05532027.8352 04802452.6386 00001310.8651 -0004233.6962 00005589.4313 02215265.7024 -0015651.0987
> 175799 1
H41 -1837980.6561 05527608.7480 04808039.8478 00001311.9116 -0004239.1667 00005584.9863 02218285.0324 -0015722.7901
> 175800 1
H41 -1836668.2220 05523184.3856 04813622.6094 00001312.9562 -0004244.6333 00005580.5361 02221319.0152 -0015794.1663
> 175801 1
H41 -1835354.7444 05518754.7520 04819200.9183 00001313.9988 -0004250.0961 00005576.0808 02224367.5875 -0015865.2276
> 175802 1
H41 -1834040.2251 05514319.8510 04824774.7692 00001315.0394 -0004255.5551 00005571.6203 02227430.6859 -0015935.9743
> 175803 1
H41 -1832724.6663 05509879.6867 04830344.1571 00001316.0780 -0004261.0102 00005567.1546 02230508.2469 -0016006.4067
> 175804 1
H41 -1831408.0698 05505434.2629 04835909.0768 00001317.1146 -0004266.4615 00005562.6838 02233600.2073 -0016076.5250
> 175805 1
H41 -1830090.4376 05500983.5837 04841469.5231 00001318.1493 -0004271.9089 00005558.2079 02236706.5039 -0016146.3297
> 175806 1
H41 -1828771.7718 05496527.6528 04847025.4909 00001319.1820 -0004277.3525 00005553.7268 02239827.0735 -0016215.8210
> 175807 1
H41 -1827452.0743 05492066.4743 04852576.9750 00001320.2127 -0004282.7923 00005549.2406 02242961.8530 -0016284.9993
> 175808 1
H41 -1826131.3470 05487600.0522 04858123.9704 00001321.2414 -0004288.2281 00005544.7492 02246110.7792 -0016353.8650
> 175809 1
H41 -1824809.5921 05483128.3903 04863666.4718 00001322.2682 -0004293.6601 00005540.2528 02249273.7893 -0016422.4186
> 175810 1
H41 -1823486.8113 05478651.4927 04869204.4742 00001323.2930 -0004299.0882 00005535.7512 02252450.8203 -0016490.6603
> 175811 1
H41 -1822163.0068 05474169.3633 04874737.9724 00001324.3158 -0004304.5125 00005531.2444 02255641.8094 -0016558.5907
> 175812 1
H41 -1820838.1804 05469682.0060 04880266.9614 00001325.3366 -0004309.9328 00005526.7326 02258846.6938 -0016626.2102
> 175813 1
H41 -1819512.3343 05465189.4250 04885791.4359 00001326.3554 -0004315.3493 00005522.2156 02262065.4108 -0016693.5193
> 175814 1
H41 -1818185.4703 05460691.6241 04891311.3909 00001327.3723 -0004320.7619 00005517.6936 02265297.8979 -0016760.5184
> 175815 1
H41 -1816857.5904 05456188.6073 04896826.8213 00001328.3871 -0004326.1705 00005513.1664 02268544.0925 -0016827.2081
> 175816 1
H41 -1815528.6967 05451680.3787 04902337.7220 00001329.4000 -0004331.5753 00005508.6341 02271803.9322 -0016893.5888
> 175817 1
H41 -1814198.7910 05447166.9422 04907844.0879 00001330.4109 -0004336.9762 00005504.0968 02275077.3547 -0016959.6611
> 175818 1
H41 -1812867.8755 05442648.3018 04913345.9139 00001331.4199 -0004342.3731 00005499.5543 02278364.2979 -0017025.4255
> 175819 1
H41 -1811535.9520 05438124.4616 04918843.1948 00001332.4268 -0004347.7661 00005495.0068 02281664.6995 -0017090.8825
> 175820 1
H41 -1810203.0226 05433595.4255 04924335.9257 00001333.4317 -0004353.1552 00005490.4541 02284978.4975 -0017156.0329
> 175821 1
H41 -1808869.0892 05429061.1977 04929824.1014 00001334.4347 -0004358.5403 00005485.8964 02288305.6301 -0017220.8770
> 175822 1
H41 -1807534.1538 05424521.7820 04935307.7169 00001335.4357 -0004363.9215 00005481.3337 02291646.0355 -0017285.4156
> 175823 1
H41 -1806198.2184 05419977.1825 04940786.7671 00001336.4347 -0004369.2988 00005476.7658 02294999.6519 -0017349.6491
> 175824 1
H41 -1804861.2850 05415427.4033 04946261.2469 00001337.4317 -0004374.6721 00005472.1929 02298366.4178 -0017413.5784
> 175825 1
H41 -1803523.3556 05410872.4484 04951731.1512 00001338.4268 -0004380.0415 00005467.6149 02301746.2718 -0017477.2039
> 175826 1
H41 -1802184.4321 05406312.3219 04957196.4750 00001339.4198 -0004385.4069 00005463.0319 02305139.1524 -0017540.5263
> 175827 1
H41 -1800844.5166 05401747.0277 04962657.2133 00001340.4109 -0004390.7683 00005458.4438 02308544.9986 -0017603.5464
> 175828 1
H41 -1799503.6110 05397176.5700 04968113.3609 00001341.4000 -0004396.1257 00005453.8507 02311963.7491 -0017666.2647
> 175829 1
H41 -1798161.7173 05392600.9528 04973564.9129 00001342.3871 -0004401.4792 00005449.2525 02315395.3432 -0017728.6819
> 175830 1
H41 -1796818.8375 05388020.1802 04979011.8642 00001343.3722 -0004406.8287 00005444.6492 02318839.7198 -0017790.7988
> 175831 1
H41 -1795474.9736 05383434.2562 04984454.2097 00001344.3553 -0004412.1742 00005440.0410 02322296.8184 -0017852.6160
> 175832 1
H41 -1794130.1276 05378843.1850 04989891.9445 00001345.3364 -0004417.5158 00005435.4277 02325766.5783 -0017914.1343
> 175833 1
H41 -1792784.3015 05374246.9705 04995325.0634 00001346.3156 -0004422.8533 00005430.8094 02329248.9393 -0017975.3544
> 175834 1
H41 -1791437.4972 05369645.6169 05000753.5616 00001347.2927 -0004428.1868 00005426.1860 02332743.8408 -0018036.2770
> 175835 1
H41 -1790089.7167 05365039.1283 05006177.4338 00001348.2679 -0004433.5163 00005421.5577 02336251.2230 -0018096.9029
> 175836 1
H41 -1788740.9620 05360427.5087 05011596.6752 00001349.2411 -0004438.8418 00005416.9243 02339771.0256 -0018157.2328
> 175837 1
H41 -1787391.2352 05355810.7623 05017011.2807 00001350.2123 -0004444.1633 00005412.2859 02343303.1890 -0018217.2676
> 175838 1
H41 -1786040.5382 05351188.8932 05022421.2454 00001351.1815 -0004449.4808 00005407.6425 02346847.6534 -0018277.0079
> 175839 1
H41 -1784688.8729 05346561.9055 05027826.5641 00001352.1487 -0004454.7942 00005402.9941 02350404.3592 -0018336.4546
> 175840 1
H41 -1783336.2415 05341929.8032 05033227.2319 00001353.1139 -0004460.1036 00005398.3407 02353973.2470 -0018395.6085
> 175841 1
H41 -1781982.6458 05337292.5906 05038623.2438 00001354.0771 -0004465.4090 00005393.6823 02357554.2577 -0018454.4703
> 175842 1
H41 -1780628.0878 05332650.2717 05044014.5949 00001355.0384 -0004470.7103 00005389.0189 02361147.3321 -0018513.0410
> 175843 1
H41 -1779272.5697 05328002.8507 05049401.2801 00001355.9976 -0004476.0075 00005384.3506 02364752.4113 -0018571.3212
> 175844 1
H41 -1777916.0932 05323350.3316 05054783.2944 00001356.9549 -0004481.3007 00005379.6772 02368369.4365 -0018629.3120
> 175845 1
H41 -1776558.6605 05318692.7187 05060160.6329 00001357.9102 -0004486.5899 00005374.9989 02371998.3491 -0018687.0140
> 175846 1
H41 -1775200.2735 05314030.0161 05065533.2905 00001358.8635 -0004491.8750 00005370.3156 02375639.0906 -0018744.4281
> 175847 1
H41 -1773840.9342 05309362.2279 05070901.2624 00001359.8148 -0004497.1560 00005365.6274 02379291.6029 -0018801.5553
> 175848 1
H41 -1772480.6447 05304689.3583 05076264.5436 00001360.7641 -0004502.4329 00005360.9341 02382955.8278 -0018858.3963
> 175849 1
H41 -1771119.4068 05300011.4115 05081623.1291 00001361.7114 -0004507.7058 00005356.2359 02386631.7072 -0018914.9520
> 175850 1
H41 -1769757.2226 05295328.3915 05086977.0138 00001362.6567 -0004512.9745 00005351.5328 02390319.1836 -0018971.2234
> 175851 1
H41 -1768394.0941 05290640.3027 05092326.1930 00001363.6000 -0004518.2392 00005346.8247 02394018.1992 -0019027.2112
> 175852 1
H41 -1767030.0233 05285947.1491 05097670.6616 00001364.5413 -0004523.4998 00005342.1117 02397728.6966 -0019082.9164
> 175853 1
H41 -1765665.0121 05281248.9349 05103010.4148 00001365.4807 -0004528.7562 00005337.3937 02401450.6185 -0019138.3400
> 175854 1
H41 -1764299.0626 05276545.6644 05108345.4474 00001366.4180 -0004534.0086 00005332.6708 02405183.9080 -0019193.4827
> 175855 1
H41 -1762932.1768 05271837.3416 05113675.7547 00001367.3534 -0004539.2569 00005327.9430 02408928.5081 -0019248.3455
> 175856 1
H41 -1761564.3566 05267123.9709 05119001.3317 00001368.2867 -0004544.5010 00005323.2102 02412684.3619 -0019302.9293
> 175857 1
H41 -1760195.6040 05262405.5563 05124322.1734 00001369.2181 -0004549.7410 00005318.4725 02416451.4131 -0019357.2351
> 175858 1
H41 -1758825.9211 05257682.1022 05129638.2750 00001370.1474 -0004554.9769 00005313.7299 02420229.6053 -0019411.2638
> 175859 1
H41 -1757455.3098 05252953.6126 05134949.6315 00001371.0748 -0004560.2086 00005308.9823 02424018.8822 -0019465.0162
> 175860 1
H41 -1756083.7722 05248220.0919 05140256.2380 00001372.0002 -0004565.4362 00005304.2299 02427819.1878 -0019518.4934
> 175861 1
H41 -1754711.3101 05243481.5443 05145558.0896 00001372.9236 -0004570.6597 00005299.4725 02431630.4664 -0019571.6963
> 175862 1
H41 -1753337.9257 05238737.9739 05150855.1815 00001373.8450 -0004575.8790 00005294.7103 02435452.6623 -0019624.6259
> 175863 1
H41 -1751963.6209 05233989.3850 05156147.5086 00001374.7644 -0004581.0942 00005289.9431 02439285.7201 -0019677.2830
> 175864 1
H41 -1750588.3976 05229235.7818 05161435.0661 00001375.6817 -0004586.3052 00005285.1711 02443129.5844 -0019729.6687
> 175865 1
H41 -1749212.2580 05224477.1686 05166717.8491 00001376.5972 -0004591.5120 00005280.3941 02446984.2003 -0019781.7839
> 175866 1
H41 -1747835.2040 05219713.5496 05171995.8528 00001377.5106 -0004596.7147 00005275.6123 02450849.5128 -0019833.6296
> 175867 1
H41 -1746457.2376 05214944.9290 05177269.0721 00001378.4220 -0004601.9132 00005270.8256 02454725.4673 -0019885.2068
> 175868 1
H41 -1745078.3607 05210171.3112 05182537.5024 00001379.3314 -0004607.1075 00005266.0341 02458612.0093 -0019936.5163
> 175869 1
H41 -1743698.5755 05205392.7003 05187801.1386 00001380.2388 -0004612.2976 00005261.2376 02462509.0844 -0019987.5593
> 175870 1
H41 -1742317.8838 05200609.1007 05193059.9760 00001381.1442 -0004617.4835 00005256.4363 02466416.6385 -0020038.3367
> 175871 1
H41 -1740936.2877 05195820.5166 05198314.0096 00001382.0476 -0004622.6653 00005251.6301 02470334.6178 -0020088.8495
> 175872 1
H41 -1739553.7892 05191026.9522 05203563.2346 00001382.9491 -0004627.8428 00005246.8191 02474262.9684 -0020139.0986
> 175873 1
H41 -1738170.3903 05186228.4119 05208807.6462 00001383.8485 -0004633.0161 00005242.0032 02478201.6369 -0020189.0851
> 175874 1
H41 -1736786.0929 05181424.8999 05214047.2394 00001384.7459 -0004638.1853 00005237.1825 02482150.5699 -0020238.8100
> 175875 1
H41 -1735400.8992 05176616.4205 05219282.0095 00001385.6413 -0004643.3502 00005232.3569 02486109.7143 -0020288.2742
> 175876 1
H41 -1734014.8109 05171802.9781 05224511.9516 00001386.5348 -0004648.5109 00005227.5265 02490079.0171 -0020337.4787
> 175877 1
H41 -1732627.8303 05166984.5768 05229737.0608 00001387.4262 -0004653.6673 00005222.6912 02494058.4256 -0020386.4247
> 175878 1
H41 -1731239.9592 05162161.2210 05234957.3324 00001388.3156 -0004658.8195 00005217.8511 02498047.8872 -0020435.1130
> 175879 1
H41 -1729851.1997 05157332.9151 05240172.7615 00001389.2031 -0004663.9675 00005213.0062 02502047.3496 -0020483.5447
> 175880 1
H41 -1728461.5537 05152499.6633 05245383.3433 00001390.0885 -0004669.1113 00005208.1565 02506056.7607 -0020531.7207
> 175881 1
H41 -1727071.0233 05147661.4699 05250589.0729 00001390.9719 -0004674.2508 00005203.3019 02510076.0684 -0020579.6422
> 175882 1
H41 -1725679.6105 05142818.3393 05255789.9455 00001391.8534 -0004679.3860 00005198.4426 02514105.2211 -0020627.3101
> 175883 1
H41 -1724287.3172 05137970.2758 05260985.9564 00001392.7328 -0004684.5170 00005193.5784 02518144.1672 -0020674.7254
> 175884 1
H41 -1722894.1455 05133117.2837 05266177.1007 00001393.6103 -0004689.6437 00005188.7094 02522192.8553 -0020721.8891
> 175885 1
H41 -1721500.0974 05128259.3673 05271363.3736 00001394.4857 -0004694.7662 00005183.8356 02526251.2343 -0020768.8024
> 175886 1
H41 -1720105.1748 05123396.5311 05276544.7704 00001395.3591 -0004699.8844 00005178.9571 02530319.2533 -0020815.4661
> 175887 1
H41 -1718709.3798 05118528.7793 05281721.2861 00001396.2306 -0004704.9983 00005174.0737 02534396.8615 -0020861.8813
> 175888 1
H41 -1717312.7143 05113656.1162 05286892.9162 00001397.1000 -0004710.1079 00005169.1855 02538484.0083 -0020908.0491
> 175889 1
H41 -1715915.1804 05108778.5463 05292059.6556 00001397.9675 -0004715.2133 00005164.2926 02542580.6434 -0020953.9704
> 175890 1
H41 -1714516.7801 05103896.0740 05297221.4998 00001398.8329 -0004720.3143 00005159.3949 02546686.7168 -0020999.6463
> 175891 1
H41 -1713117.5153 05099008.7034 05302378.4438 00001399.6963 -0004725.4111 00005154.4924 02550802.1784 -0021045.0779
> 175892 1
H41 -1711717.3881 05094116.4392 05307530.4830 00001400.5578 -0004730.5035 00005149.5852 02554926.9785 -0021090.2660
> 175893 1
H41 -1710316.4004 05089219.2855 05312677.6126 00001401.4172 -0004735.5916 00005144.6732 02559061.0676 -0021135.2118
> 175894 1
H41 -1708914.5543 05084317.2468 05317819.8278 00001402.2746 -0004740.6755 00005139.7564 02563204.3965 -0021179.9164
> 175895 1
H41 -1707511.8518 05079410.3275 05322957.1238 00001403.1301 -0004745.7550 00005134.8349 02567356.9158 -0021224.3806
> 175896 1
H41 -1706108.2949 05074498.5319 05328089.4959 00001403.9835 -0004750.8301 00005129.9086 02571518.5769 -0021268.6056
> 175897 1
H41 -1704703.8855 05069581.8645 05333216.9394 00001404.8349 -0004755.9010 00005124.9776 02575689.3308 -0021312.5924
> 175898 1
H41 -1703298.6257 05064660.3297 05338339.4494 00001405.6843 -0004760.9675 00005120.0418 02579869.1292 -0021356.3419
> 175899 1
H41 -1701892.5175 05059733.9318 05343457.0214 00001406.5318 -0004766.0297 00005115.1013 02584057.9238 -0021399.8553
> 175900 1
H41 -1700485.5628 05054802.6753 05348569.6504 00001407.3772 -0004771.0875 00005110.1561 02588255.6663 -0021443.1336
> 175901 1
H41 -1699077.7638 05049866.5645 05353677.3319 00001408.2206 -0004776.1410 00005105.2061 02592462.3090 -0021486.1778
> 175902 1
H41 -1697669.1223 05044925.6039 05358780.0611 00001409.0620 -0004781.1902 00005100.2514 02596677.8042 -0021528.9889
> 175903 1
H41 -1696259.6404 05039979.7980 05363877.8332 00001409.9014 -0004786.2350 00005095.2920 02600902.1043 -0021571.5679
> 175904 1
H41 -1694849.3201 05035029.1510 05368970.6435 00001410.7389 -0004791.2754 00005090.3279 02605135.1622 -0021613.9159
> 175905 1
H41 -1693438.1634 05030073.6676 05374058.4874 00001411.5743 -0004796.3114 00005085.3591 02609376.9306 -0021656.0339
> 175906 1
H41 -1692026.1722 05025113.3520 05379141.3602 00001412.4077 -0004801.3431 00005080.3856 02613627.3628 -0021697.9229
> 175907 1
H41 -1690613.3487 05020148.2088 05384219.2570 00001413.2391 -0004806.3704 00005075.4073 02617886.4121 -0021739.5840
> 175908 1
H41 -1689199.6948 05015178.2424 05389292.1733 00001414.0685 -0004811.3933 00005070.4244 02622154.0319 -0021781.0181
> 175909 1
H41 -1687785.2124 05010203.4572 05394360.1043 00001414.8959 -0004816.4118 00005065.4368 02626430.1762 -0021822.2264
> 175910 1
H41 -1686369.9037 05005223.8577 05399423.0454 00001415.7213 -0004821.4260 00005060.4445 02630714.7987 -0021863.2098
> 175911 1
H41 -1684953.7706 05000239.4484 05404480.9918 00001416.5446 -0004826.4357 00005055.4475 02635007.8536 -0021903.9693
> 175912 1
H41 -1683536.8151 04995250.2337 05409533.9389 00001417.3660 -0004831.4410 00005050.4459 02639309.2954 -0021944.5059
> 175913 1
H41 -1682119.0392 04990256.2181 05414581.8820 00001418.1854 -0004836.4419 00005045.4396 02643619.0785 -0021984.8208
> 175914 1
H41 -1680700.4449 04985257.4060 05419624.8165 00001419.0028 -0004841.4384 00005040.4286 02647937.1577 -0022024.9148
> 175915 1
H41 -1679281.0343 04980253.8020 05424662.7376 00001419.8182 -0004846.4305 00005035.4129 02652263.4880 -0022064.7890
> 175916 1
H41 -1677860.8092 04975245.4105 05429695.6408 00001420.6315 -0004851.4182 00005030.3926 02656598.0245 -0022104.4445
> 175917 1
H41 -1676439.7719 04970232.2360 05434723.5213 00001421.4429 -0004856.4014 00005025.3676 02660940.7225 -0022143.8822
> 175918 1
H41 -1675017.9241 04965214.2830 05439746.3745 00001422.2523 -0004861.3802 00005020.3380 02665291.5378 -0022183.1032
> 175919 1
H41 -1673595.2680 04960191.5560 05444764.1958 00001423.0596 -0004866.3546 00005015.3038 02669650.4259 -0022222.1084
> 175920 1
H41 -1672171.8055 04955164.0595 05449776.9805 00001423.8650 -0004871.3245 00005010.2649 02674017.3429 -0022260.8988
> 175921 1
H41 -1670747.5387 04950131.7980 05454784.7240 00001424.6683 -0004876.2900 00005005.2213 02678392.2450 -0022299.4756
> 175922 1
H41 -1669322.4696 04945094.7760 05459787.4216 00001425.4697 -0004881.2510 00005000.1732 02682775.0885 -0022337.8396
> 175923 1
H41 -1667896.6001 04940052.9981 05464785.0688 00001426.2690 -0004886.2076 00004995.1204 02687165.8301 -0022375.9919
> 175924 1
H41 -1666469.9322 04935006.4687 05469777.6609 00001427.0663 -0004891.1597 00004990.0630 02691564.4263 -0022413.9335
> 175925 1
H41 -1665042.4681 04929955.1924 05474765.1932 00001427.8617 -0004896.1073 00004985.0010 02695970.8344 -0022451.6653
> 175926 1
H41 -1663614.2096 04924899.1737 05479747.6613 00001428.6550 -0004901.0505 00004979.9343 02700385.0113 -0022489.1884
> 175927 1
H41 -1662185.1587 04919838.4172 05484725.0604 00001429.4463 -0004905.9892 00004974.8631 02704806.9145 -0022526.5038
> 175928 1
H41 -1660755.3176 04914772.9273 05489697.3859 00001430.2356 -0004910.9233 00004969.7872 02709236.5015 -0022563.6124
> 175929 1
H41 -1659324.6882 04909702.7087 05494664.6333 00001431.0229 -0004915.8531 00004964.7068 02713673.7302 -0022600.5153
> 175930 1
H41 -1657893.2724 04904627.7658 05499626.7980 00001431.8082 -0004920.7783 00004959.6218 02718118.5584 -0022637.2134
> 175931 1
H41 -1656461.0723 04899548.1033 05504583.8753 00001432.5915 -0004925.6990 00004954.5321 02722570.9444 -0022673.7077
> 175932 1
H41 -1655028.0900 04894463.7256 05509535.8608 00001433.3728 -0004930.6152 00004949.4379 02727030.8464 -0022709.9992
> 175933 1
H41 -1653594.3273 04889374.6374 05514482.7497 00001434.1521 -0004935.5269 00004944.3392 02731498.2231 -0022746.0889
> 175934 1
H41 -1652159.7864 04884280.8432 05519424.5376 00001434.9294 -0004940.4341 00004939.2358 02735973.0331 -0022781.9778
> 175935 1
H41 -1650724.4692 04879182.3476 05524361.2198 00001435.7047 -0004945.3368 00004934.1279 02740455.2355 -0022817.6667
> 175936 1
H41 -1649288.3777 04874079.1551 05529292.7918 00001436.4780 -0004950.2350 00004929.0154 02744944.7893 -0022853.1568
> 175937 1
H41 -1647851.5139 04868971.2704 05534219.2490 00001437.2492 -0004955.1286 00004923.8983 02749441.6540 -0022888.4490
> 175938 1
H41 -1646413.8799 04863858.6981 05539140.5870 00001438.0185 -0004960.0177 00004918.7767 02753945.7890 -0022923.5442
> 175939 1
H41 -1644975.4776 04858741.4426 05544056.8010 00001438.7857 -0004964.9023 00004913.6506 02758457.1540 -0022958.4433
> 175940 1
H41 -1643536.3091 04853619.5087 05548967.8866 00001439.5510 -0004969.7823 00004908.5199 02762975.7090 -0022993.1475
> 175941 1
H41 -1642096.3763 04848492.9008 05553873.8393 00001440.3142 -0004974.6578 00004903.3846 02767501.4141 -0023027.6576
> 175942 1
H41 -1640655.6813 04843361.6237 05558774.6544 00001441.0755 -0004979.5287 00004898.2449 02772034.2295 -0023061.9745
> 175943 1
H41 -1639214.2260 04838225.6819 05563670.3275 00001441.8347 -0004984.3951 00004893.1006 02776574.1158 -0023096.0993
> 175944 1
H41 -1637772.0125 04833085.0800 05568560.8540 00001442.5919 -0004989.2569 00004887.9517 02781121.0337 -0023130.0328
> 175945 1
H41 -1636329.0428 04827939.8227 05573446.2294 00001443.3472 -0004994.1141 00004882.7984 02785674.9439 -0023163.7761
> 175946 1
H41 -1634885.3189 04822789.9146 05578326.4493 00001444.1004 -0004998.9668 00004877.6405 02790235.8076 -0023197.3300
> 175947 1
H41 -1633440.8427 04817635.3603 05583201.5089 00001444.8516 -0005003.8149 00004872.4781 02794803.5861 -0023230.6956
> 175948 1
H41 -1631995.6164 04812476.1644 05588071.4040 00001445.6008 -0005008.6584 00004867.3112 02799378.2406 -0023263.8737
